0,0,0,0,0,0,0,0,0,0,0,0,0,0,0,0,0
1,0,0,69,69,0,0,0,0,1,0,0,0,0,0,1,44
1,0,0,100,100,0,0,0,0,1,0,0,0,0,0,1,44
1,0,0,96,96,0,0,0,0,1,0,0,0,0,0,1,44
1,0,0,80,80,0,0,0,0,1,0,0,0,0,0,1,44
1,0,0,75,75,0,0,0,0,1,0,0,0,0,0,1,44
1,0,0,66,66,0,0,0,0,1,0,0,0,0,0,1,44
1,0,0,99,99,0,0,0,0,1,0,0,0,0,0,1,44
1,0,0,89,89,0,0,0,0,1,0,0,0,0,0,1,44
1,0,0,73,73,0,0,0,0,1,0,0,0,0,0,1,44
1,0,0,75,75,0,0,0,0,1,0,0,0,0,0,1,44
1,0,0,76,76,0,0,0,0,1,0,0,0,0,0,1,44
1,94.5,94.8085464684418,100,94.8085464684418,2,6,0,0.28,1,0,0,0,0,0,1,44
1,0,0,87,87,0,0,0,0,1,0,0,0,0,0,1,44
1,0,0,92,92,0,0,0,0,1,0,0,0,0,0,1,44
1,0,0,67,67,0,0,0,0,1,0,0,0,0,0,1,44
1,0,0,78,78,0,0,0,0,0,0,0,0,0,0,0,29
1,0,0,70,70,0,0,0,0,0,0,0,0,0,0,0,29
1,0,0,72,72,0,0,0,0,0,0,0,0,0,0,0,29
1,0,0,85,85,0,0,0,0,0,0,0,0,0,0,0,29
1,0,0,78,78,0,0,0,0,0,0,0,0,0,0,0,29
1,0,0,82,82,0,0,0,0,0,0,0,0,0,0,0,29
1,0,0,87,87,0,0,0,0,0,0,0,0,0,0,0,29
1,0,0,92,92,0,0,0,0,0,0,0,0,0,0,0,29
1,0,0,86,86,0,0,0,0,0,0,0,0,0,0,0,29
1,0,0,69,69,0,0,0,0,0,0,0,0,0,0,0,29
1,0,0,72,72,0,0,0,0,0,0,0,0,0,0,0,29
1,0,0,87,87,0,0,0,0,0,0,0,0,0,0,0,29
1,0,0,73,73,0,0,0,0,0,0,0,0,0,0,0,29
1,0,0,75,75,0,0,0,0,0,0,0,0,0,0,0,29
1,0,0,75,75,0,0,0,0,0,0,0,0,0,0,0,29
1,0,0,87,87,0,0,0,0,0,0,0,0,0,0,0,29
1,0,0,80,80,0,0,0,0,0,0,0,0,0,0,0,29
1,0,0,79,79,0,0,0,0,0,0,0,0,0,0,0,29
1,0,0,83,83,0,0,0,0,0,0,0,0,0,0,0,29
1,0,0,63,63,0,0,0,0,0,0,0,0,0,0,0,29
1,0,0,63,63,0,0,0,0,0,0,0,0,0,0,0,29
1,0,0,59,59,0,0,0,0,0,0,0,0,0,0,0,29
1,0,0,73,73,0,0,0,0,0,0,0,0,0,0,0,29
1,0,0,82,82,0,0,0,0,0,0,0,0,0,0,0,29
1,0,0,65,65,0,0,0,0,0,0,0,0,0,0,0,29
1,0,0,66,66,0,0,0,0,0,0,0,0,0,0,0,29
1,0,0,90,90,0,0,0,0,0,0,0,0,0,0,0,29
1,0,0,71,71,0,0,0,0,0,0,0,0,0,0,0,29
1,0,0,79,79,0,0,0,0,0,0,0,0,0,0,0,29
1,0,0,80,80,0,0,0,0,0,0,0,0,0,0,0,29
1,0,0,79,79,0,0,0,0,0,0,0,0,0,0,0,29
1,0,0,73,73,0,0,0,0,0,0,0,0,0,0,0,29
1,0,0,83,83,0,0,0,0,0,0,0,0,0,0,0,29
1,0,0,89,89,0,0,0,0,0,0,0,0,0,0,0,29
1,0,0,72,72,0,0,0,0,0,0,0,0,0,0,0,29
1,0,0,95,95,0,0,0,0,0,0,0,0,0,0,0,29
1,0,0,66,66,0,0,0,0,0,0,0,0,0,0,0,29
1,0,0,86,86,0,0,0,0,0,0,0,0,0,0,0,29
1,0,0,81,81,0,0,0,0,0,0,0,0,0,0,0,29
1,0,0,84,84,0,0,0,0,0,0,0,0,0,0,0,29
1,0,0,69,69,0,0,0,0,0,0,0,0,0,0,0,29
1,0,0,71,71,0,0,0,0,0,0,0,0,0,0,0,29
1,0,0,74,74,0,0,0,0,0,0,0,0,0,0,0,29
1,77.5,77.7817335132551,78,77.7817335132551,1,6,0,0.28,0,0,0,0,0,0,0,29
1,0,0,77,77,0,0,0,0,0,0,0,0,0,0,0,29
1,0,0,71,71,0,0,0,0,0,0,0,0,0,0,0,29
1,0,0,85,85,0,0,0,0,0,0,0,0,0,0,0,29
1,0,0,69,69,0,0,0,0,0,0,0,0,0,0,0,29
1,88.5,88.5767901369716,90,88.5767901369716,2,5,0,0.18,0,0,0,0,0,0,0,29
1,0,0,70,70,0,0,0,0,0,0,0,0,0,0,0,29
1,0,0,68,68,0,0,0,0,0,0,0,0,0,0,0,29
1,0,0,68,68,0,0,0,0,0,0,0,0,0,0,0,29
1,0,0,65,65,0,0,0,0,0,0,0,0,0,0,0,29
1,0,0,73,73,0,0,0,0,0,0,0,0,0,0,0,29
1,0,0,66,66,0,0,0,0,0,0,0,0,0,0,0,29
1,0,0,62,62,0,0,0,0,0,0,0,0,0,0,0,29
1,0,0,86,86,0,0,0,0,0,0,0,0,0,0,0,29
1,0,0,78,78,0,0,0,0,0,0,0,0,0,0,0,29
1,0,0,84,84,0,0,0,0,0,0,0,0,0,0,0,29
1,0,0,70,70,0,0,0,0,0,0,0,0,0,0,0,29
1,0,0,79,79,0,0,0,0,0,0,0,0,0,0,0,29
1,0,0,84,84,0,0,0,0,0,0,0,0,0,0,0,29
1,0,0,83,83,0,0,0,0,0,0,0,0,0,0,0,29
1,0,0,67,67,0,0,0,0,0,0,0,0,0,0,0,29
1,0,0,83,83,0,0,0,0,0,0,0,0,0,0,0,29
1,0,0,76,76,0,0,0,0,0,0,0,0,0,0,0,29
1,0,0,67,67,0,0,0,0,0,0,0,0,0,0,0,29
1,0,0,89,89,0,0,0,0,0,0,0,0,0,0,0,29
1,0,0,87,87,0,0,0,0,0,0,0,0,0,0,0,29
1,0,0,81,81,0,0,0,0,0,0,0,0,0,0,0,29
1,0,0,73,73,0,0,0,0,0,0,0,0,0,0,0,29
1,0,0,62,62,0,0,0,0,0,0,0,0,0,0,0,29
1,0,0,78,78,0,0,0,0,0,0,0,0,0,0,0,29
1,0,0,88,88,0,0,0,0,0,0,0,0,0,0,0,29
1,0,0,77,77,0,0,0,0,0,0,0,0,0,0,0,29
1,0,0,87,87,0,0,0,0,0,0,0,0,0,0,0,29
1,0,0,79,79,0,0,0,0,0,0,0,0,0,0,0,29
1,0,0,67,67,0,0,0,0,0,0,0,0,0,0,0,29
1,0,0,80,80,0,0,0,0,0,0,0,0,0,0,0,29
1,0,0,79,79,0,0,0,0,0,0,0,0,0,0,0,29
1,0,0,91,91,0,0,0,0,0,0,0,0,0,0,0,29
1,0,0,84,84,0,0,0,0,0,0,0,0,0,0,0,29
1,0,0,63,63,0,0,0,0,0,0,0,0,0,0,0,29
1,0,0,82,82,0,0,0,0,0,0,0,0,0,0,0,29
1,0,0,86,86,0,0,0,0,0,0,0,0,0,0,0,29
1,0,0,92,92,0,0,0,0,0,0,0,0,0,0,0,29
1,0,0,73,73,0,0,0,0,0,0,0,0,0,0,0,29
1,0,0,83,83,0,0,0,0,0,0,0,0,0,0,0,29
1,0,0,72,72,0,0,0,0,0,0,0,0,0,0,0,29
1,0,0,74,74,0,0,0,0,0,0,0,0,0,0,0,29
1,0,0,79,79,0,0,0,0,0,0,0,0,0,0,0,29
1,0,0,82,82,0,0,0,0,0,0,0,0,0,0,0,29
1,0,0,68,68,0,0,0,0,0,0,0,0,0,0,0,29
1,0,0,81,81,0,0,0,0,0,0,0,0,0,0,0,29
1,0,0,69,69,0,0,0,0,0,0,0,0,0,0,0,29
1,0,0,73,73,0,0,0,0,0,0,0,0,0,0,0,29
1,0,0,77,77,0,0,0,0,0,0,0,0,0,0,0,29
1,0,0,84,84,0,0,0,0,0,0,0,0,0,0,0,29
1,0,0,73,73,0,0,0,0,0,0,0,0,0,0,0,29
1,0,0,73,73,0,0,0,0,0,0,0,0,0,0,0,29
1,0,0,94,94,0,0,0,0,0,0,0,0,0,0,0,29
1,0,0,90,90,0,0,0,0,0,0,0,0,0,0,0,29
1,0,0,84,84,0,0,0,0,0,0,0,0,0,0,0,29
1,0,0,78,78,0,0,0,0,0,0,0,0,0,0,0,29
1,0,0,77,77,0,0,0,0,0,0,0,0,0,0,0,29
1,92,0,92,92,2,1,0,0,0,1,0,0,0,0,0,29
1,0,0,67,67,0,0,0,0,0,0,0,0,0,0,0,29
1,0,0,80,80,0,0,0,0,0,0,0,0,0,0,0,29
1,0,0,86,86,0,0,0,0,0,0,0,0,0,0,0,29
1,0,0,79,79,0,0,0,0,0,0,0,0,0,0,0,29
1,0,0,60,60,0,0,0,0,0,0,0,0,0,0,0,29
1,0,0,96,96,0,0,0,0,1,0,0,0,0,0,1,28
1,0,0,89,89,0,0,0,0,1,0,0,0,0,0,1,28
1,0,0,97,97,0,0,0,0,1,0,0,0,0,0,1,28
1,0,0,87,87,0,0,0,0,1,0,0,0,0,0,1,28
1,0,0,95,95,0,0,0,0,1,0,0,0,0,0,1,28
1,0,0,98,98,0,0,0,0,1,0,0,0,0,0,1,28
1,0,0,93,93,0,0,0,0,1,0,0,0,0,0,1,28
1,0,0,100,100,0,0,0,0,1,0,0,0,0,0,1,28
1,0,0,100,100,0,0,0,0,1,0,0,0,0,0,1,28
1,0,0,94,94,0,0,0,0,1,0,0,0,0,0,1,28
1,0,0,87,87,0,0,0,0,1,0,0,0,0,0,1,28
1,0,0,74,74,0,0,0,0,1,0,0,0,0,0,1,28
1,0,0,83,83,0,0,0,0,1,0,0,0,0,0,1,28
1,0,0,93,93,0,0,0,0,1,0,0,0,0,0,1,28
1,0,0,83,83,0,0,0,0,1,0,0,0,0,0,1,28
1,0,0,95,95,0,0,0,0,1,0,0,0,0,0,1,28
1,0,0,85,85,0,0,0,0,1,0,0,0,0,0,1,28
1,0,0,90,90,0,0,0,0,1,0,0,0,0,0,1,28
1,0,0,100,100,0,0,0,0,1,0,0,0,0,0,1,28
1,0,0,100,100,0,0,0,0,1,0,0,0,0,0,1,28
1,0,0,83,83,0,0,0,0,1,0,0,0,0,0,1,28
1,0,0,82,82,0,0,0,0,1,0,0,0,0,0,1,28
1,0,0,88,88,0,0,0,0,1,0,0,0,0,0,1,28
1,0,0,99,99,0,0,0,0,1,0,0,0,0,0,1,28
1,0,0,100,100,0,0,0,0,1,0,0,0,0,0,1,28
1,0,0,87,87,0,0,0,0,1,0,0,0,0,0,1,28
1,0,0,99,99,0,0,0,0,1,0,0,0,0,0,1,28
1,0,0,98,98,0,0,0,0,1,0,0,0,0,0,1,28
1,0,0,98,98,0,0,0,0,1,0,0,0,0,0,1,28
1,0,0,97,97,0,0,0,0,1,0,0,0,0,0,1,28
1,0,0,85,85,0,0,0,0,1,0,0,0,0,0,1,28
1,0,0,78,78,0,0,0,0,1,0,0,0,0,0,1,28
1,0,0,100,100,0,0,0,0,1,0,0,0,0,0,1,28
1,0,0,100,100,0,0,0,0,1,0,0,0,0,0,1,28
1,0,0,97,97,0,0,0,0,1,0,0,0,0,0,1,28
1,0,0,98,98,0,0,0,0,1,0,0,0,0,0,1,28
1,0,0,100,100,0,0,0,0,1,0,0,0,0,0,1,28
1,0,0,100,100,0,0,0,0,1,0,0,0,0,0,1,28
1,0,0,95,95,0,0,0,0,1,0,0,0,0,0,1,28
1,0,0,78,78,0,0,0,0,1,0,0,0,0,0,1,28
1,0,0,82,82,0,0,0,0,1,0,0,0,0,0,1,28
1,0,0,100,100,0,0,0,0,1,0,0,0,0,0,1,28
1,0,0,69,69,0,0,0,0,1,0,0,0,0,0,1,28
1,0,0,93,93,0,0,0,0,1,0,0,0,0,0,1,28
1,0,0,79,79,0,0,0,0,1,0,0,0,0,0,1,28
1,0,0,92,92,0,0,0,0,1,0,0,0,0,0,1,28
1,0,0,94,94,0,0,0,0,1,0,0,0,0,0,1,28
1,0,0,96,96,0,0,0,0,1,0,0,0,0,0,1,28
1,0,0,100,100,0,0,0,0,1,0,0,0,0,0,1,28
1,0,0,100,100,0,0,0,0,1,0,0,0,0,0,1,28
1,0,0,86,86,0,0,0,0,1,0,0,0,0,0,1,28
1,0,0,83,83,0,0,0,0,1,0,0,0,0,0,1,28
1,0,0,94,94,0,0,0,0,1,0,0,0,0,0,1,28
1,0,0,85,85,0,0,0,0,1,0,0,0,0,0,1,28
1,0,0,93,93,0,0,0,0,1,0,0,0,0,0,1,28
1,0,0,81,81,0,0,0,0,1,0,0,0,0,0,1,28
1,0,0,92,92,0,0,0,0,1,0,0,0,0,0,1,28
1,0,0,98,98,0,0,0,0,1,0,0,0,0,0,1,28
1,0,0,97,97,0,0,0,0,1,0,0,0,0,0,1,28
1,0,0,78,78,0,0,0,0,1,0,0,0,0,0,1,28
1,0,0,100,100,0,0,0,0,1,0,0,0,0,0,1,28
1,0,0,74,74,0,0,0,0,1,0,0,0,0,0,1,28
1,63.5,65.758171091382,88,65.758171091382,1,1,0,0.14,1,0,1,2.25817109138199,0,0,1,28
1,0,0,84,84,0,0,0,0,1,0,0,0,0,0,1,28
1,0,0,84,84,0,0,0,0,1,0,0,0,0,0,1,28
1,0,0,100,100,0,0,0,0,1,0,0,0,0,0,1,28
1,0,0,76,76,0,0,0,0,1,0,0,0,0,0,1,28
1,0,0,78,78,0,0,0,0,1,0,0,0,0,0,1,49
1,0,0,84,84,0,0,0,0,1,0,0,0,0,0,1,49
1,80.5,0,84,84,2,1,0,0,1,1,1,0,0,0,1,49
1,0,0,82,82,0,0,0,0,1,0,0,0,0,0,1,49
1,0,0,84,84,0,0,0,0,1,0,0,0,0,0,1,49
1,0,0,76,76,0,0,0,0,1,0,0,0,0,0,1,49
1,0,0,77,77,0,0,0,0,1,0,0,0,0,0,1,49
1,0,0,77,77,0,0,0,0,1,0,0,0,0,0,1,49
1,0,0,84,84,0,0,0,0,1,0,0,0,0,0,1,49
1,82,0,82,82,2,1,0,0,1,1,0,0,0,0,1,49
1,0,0,85,85,0,0,0,0,1,0,0,0,0,0,1,49
1,0,0,75,75,0,0,0,0,1,0,0,0,0,0,1,49
1,0,0,77,77,0,0,0,0,1,0,0,0,0,0,1,49
1,0,0,80,80,0,0,0,0,1,0,0,0,0,0,1,49
1,0,0,75,75,0,0,0,0,1,0,0,0,0,0,1,49
1,0,0,77,77,0,0,0,0,1,0,0,0,0,0,1,49
1,0,0,78,78,0,0,0,0,1,0,0,0,0,0,1,49
1,0,0,75,75,0,0,0,0,1,0,0,0,0,0,1,49
1,0,0,74,74,0,0,0,0,1,0,0,0,0,0,1,49
1,0,0,75,75,0,0,0,0,1,0,0,0,0,0,1,49
1,0,0,87,87,0,0,0,0,1,0,0,0,0,0,1,49
1,0,0,76,76,0,0,0,0,1,0,0,0,0,0,1,49
1,0,0,74,74,0,0,0,0,1,0,0,0,0,0,1,49
1,0,0,88,88,0,0,0,0,1,0,0,0,0,0,1,49
1,0,0,78,78,0,0,0,0,1,0,0,0,0,0,1,49
1,0,0,80,80,0,0,0,0,1,0,0,0,0,0,1,49
1,0,0,83,83,0,0,0,0,1,0,0,0,0,0,1,49
1,0,0,81,81,0,0,0,0,1,0,0,0,0,0,1,49
1,0,0,78,78,0,0,0,0,1,0,0,0,0,0,1,49
1,0,0,78,78,0,0,0,0,1,0,0,0,0,0,1,49
1,0,0,81,81,0,0,0,0,1,0,0,0,0,0,1,49
1,0,0,80,80,0,0,0,0,1,0,0,0,0,0,1,49
1,0,0,79,79,0,0,0,0,1,0,0,0,0,0,1,49
1,0,0,97,97,0,0,0,0,1,0,0,0,0,0,1,49
1,0,0,81,81,0,0,0,0,1,0,0,0,0,0,1,49
1,73.5,78.8303280854596,86,78.8303280854596,3,1,0,0.14,1,0,1,1.21404141717143,0,0,1,49
1,0,0,81,81,0,0,0,0,1,0,0,0,0,0,1,49
1,0,0,78,78,0,0,0,0,1,0,0,0,0,0,1,49
1,0,0,77,77,0,0,0,0,1,0,0,0,0,0,1,49
1,0,0,78,78,0,0,0,0,1,0,0,0,0,0,1,49
1,0,0,82,82,0,0,0,0,1,0,0,0,0,0,1,49
1,84,0,84,84,2,1,0,0,1,1,0,0,0,0,1,49
1,0,0,75,75,0,0,0,0,1,0,0,0,0,0,1,49
1,0,0,84,84,0,0,0,0,1,0,0,0,0,0,1,49
1,0,0,85,85,0,0,0,0,1,0,0,0,0,0,1,49
1,0,0,91,91,0,0,0,0,1,0,0,0,0,0,1,49
1,70.5,80.2360535039026,82,80.2360535039026,2,1,0,0.32,1,0,1,0.972759528942589,0,0,1,49
1,0,0,77,77,0,0,0,0,1,0,0,0,0,0,1,49
1,0,0,75,75,0,0,0,0,1,0,0,0,0,0,1,49
1,0,0,75,75,0,0,0,0,1,0,0,0,0,0,1,49
1,0,0,85,85,0,0,0,0,1,0,0,0,0,0,1,49
1,0,0,77,77,0,0,0,0,1,0,0,0,0,0,1,49
1,0,0,89,89,0,0,0,0,1,0,0,0,0,0,1,49
1,0,0,79,79,0,0,0,0,1,0,0,0,0,0,1,49
1,0,0,81,81,0,0,0,0,1,0,0,0,0,0,1,49
1,0,0,89,89,0,0,0,0,1,0,0,0,0,0,1,49
1,0,0,74,74,0,0,0,0,1,0,0,0,0,0,1,49
1,0,0,75,75,0,0,0,0,1,0,0,0,0,0,1,49
1,79,0,79,79,2,1,0,0,1,1,0,0,0,0,1,49
1,0,0,79,79,0,0,0,0,1,0,0,0,0,0,1,49
1,0,0,84,84,0,0,0,0,1,0,0,0,0,0,1,49
1,0,0,84,84,0,0,0,0,1,0,0,0,0,0,1,49
1,0,0,82,82,0,0,0,0,1,0,0,0,0,0,1,49
1,0,0,84,84,0,0,0,0,1,0,0,0,0,0,1,49
1,0,0,82,82,0,0,0,0,1,0,0,0,0,0,1,49
1,0,0,77,77,0,0,0,0,1,0,0,0,0,0,1,49
1,0,0,80,80,0,0,0,0,1,0,0,0,0,0,1,49
1,0,0,81,81,0,0,0,0,1,0,0,0,0,0,1,49
1,0,0,92,92,0,0,0,0,1,0,0,0,0,0,1,49
1,0,0,83,83,0,0,0,0,1,0,0,0,0,0,1,49
1,73.5,79.9402605697377,75,75,2,2,0,0.18,1,0,1,6.44026056973774,0,0,1,49
1,0,0,80,80,0,0,0,0,1,0,0,0,0,0,1,49
1,0,0,76,76,0,0,0,0,1,0,0,0,0,0,1,49
1,80.5,81.0564845470108,85,81.0564845470108,1,5,0,0.28,1,0,0,0,0,0,1,49
1,0,0,75,75,0,0,0,0,1,0,0,0,0,0,1,49
1,0,0,80,80,0,0,0,0,1,0,0,0,0,0,1,49
1,0,0,79,79,0,0,0,0,1,0,0,0,0,0,1,49
1,0,0,77,77,0,0,0,0,1,0,0,0,0,0,1,49
1,0,0,77,77,0,0,0,0,1,0,0,0,0,0,1,49
1,85.5,85.6948165167377,87,85.6948165167377,2,6,0,0.14,1,0,0,0,0,0,1,49
1,91.5,91.7077906607155,92,91.7077906607155,2,4,0,0.28,1,0,0,0,0,0,1,49
1,0,0,80,80,0,0,0,0,1,0,0,0,0,0,1,34
1,0,0,78,78,0,0,0,0,1,0,0,0,0,0,1,34
1,0,0,87,87,0,0,0,0,1,0,0,0,0,0,1,34
1,0,0,79,79,0,0,0,0,1,0,0,0,0,0,1,34
1,0,0,69,69,0,0,0,0,1,0,0,0,0,0,1,34
1,0,0,79,79,0,0,0,0,1,0,0,0,0,0,1,34
1,0,0,89,89,0,0,0,0,1,0,0,0,0,0,1,34
1,0,0,74,74,0,0,0,0,1,0,0,0,0,0,1,34
1,0,0,85,85,0,0,0,0,1,0,0,0,0,0,1,34
1,0,0,86,86,0,0,0,0,1,0,0,0,0,0,1,34
1,0,0,71,71,0,0,0,0,1,0,0,0,0,0,1,34
1,0,0,90,90,0,0,0,0,1,0,0,0,0,0,1,34
1,0,0,79,79,0,0,0,0,1,0,0,0,0,0,1,34
1,0,0,83,83,0,0,0,0,1,0,0,0,0,0,1,34
1,0,0,94,94,0,0,0,0,1,0,0,0,0,0,1,34
1,0,0,72,72,0,0,0,0,1,0,0,0,0,0,1,34
1,0,0,68,68,0,0,0,0,1,0,0,0,0,0,1,34
1,0,0,93,93,0,0,0,0,1,0,0,0,0,0,1,34
1,0,0,81,81,0,0,0,0,1,0,0,0,0,0,1,34
1,0,0,89,89,0,0,0,0,1,0,0,0,0,0,1,34
1,0,0,89,89,0,0,0,0,1,0,0,0,0,0,1,34
1,79.5,79.5918404487426,80,79.5918404487426,4,6,0,0.32,1,0,0,0,0,0,1,34
1,0,0,71,71,0,0,0,0,1,0,0,0,0,0,1,34
1,0,0,69,69,0,0,0,0,1,0,0,0,0,0,1,34
1,0,0,83,83,0,0,0,0,1,0,0,0,0,0,1,34
1,0,0,77,77,0,0,0,0,1,0,0,0,0,0,1,34
1,0,0,87,87,0,0,0,0,1,0,0,0,0,0,1,34
1,0,0,85,85,0,0,0,0,1,0,0,0,0,0,1,34
1,0,0,77,77,0,0,0,0,1,0,0,0,0,0,0,25
1,0,0,87,87,0,0,0,0,1,0,0,0,0,0,0,25
1,0,0,64,64,0,0,0,0,1,0,0,0,0,0,0,25
1,0,0,86,86,0,0,0,0,1,0,0,0,0,0,0,25
1,0,0,77,77,0,0,0,0,1,0,0,0,0,0,0,25
1,0,0,64,64,0,0,0,0,1,0,0,0,0,0,0,25
1,0,0,61,61,0,0,0,0,1,0,0,0,0,0,0,25
1,0,0,75,75,0,0,0,0,1,0,0,0,0,0,0,25
1,0,0,88,88,0,0,0,0,1,0,0,0,0,0,0,25
1,0,0,88,88,0,0,0,0,1,0,0,0,0,0,0,25
1,0,0,91,91,0,0,0,0,1,0,0,0,0,0,0,25
1,0,0,67,67,0,0,0,0,1,0,0,0,0,0,0,25
1,0,0,87,87,0,0,0,0,1,0,0,0,0,0,0,25
1,0,0,78,78,0,0,0,0,1,0,0,0,0,0,0,25
1,0,0,80,80,0,0,0,0,1,0,0,0,0,0,0,25
1,0,0,90,90,0,0,0,0,1,0,0,0,0,0,0,25
1,0,0,91,91,0,0,0,0,1,0,0,0,0,0,0,25
1,0,0,81,81,0,0,0,0,1,0,0,0,0,0,0,25
1,0,0,81,81,0,0,0,0,1,0,0,0,0,0,0,25
1,0,0,74,74,0,0,0,0,1,0,0,0,0,0,0,25
1,0,0,66,66,0,0,0,0,1,0,0,0,0,0,0,25
1,0,0,66,66,0,0,0,0,1,0,0,0,0,0,0,25
1,0,0,60,60,0,0,0,0,1,0,0,0,0,0,0,25
1,0,0,83,83,0,0,0,0,1,0,0,0,0,0,0,25
1,0,0,73,73,0,0,0,0,1,0,0,0,0,0,0,25
1,0,0,69,69,0,0,0,0,1,0,0,0,0,0,0,25
1,0,0,81,81,0,0,0,0,1,0,0,0,0,0,0,25
1,0,0,67,67,0,0,0,0,1,0,0,0,0,0,0,25
1,0,0,87,87,0,0,0,0,1,0,0,0,0,0,0,25
1,0,0,60,60,0,0,0,0,1,0,0,0,0,0,0,25
1,0,0,82,82,0,0,0,0,1,0,0,0,0,0,0,25
1,0,0,77,77,0,0,0,0,1,0,0,0,0,0,0,25
1,0,0,91,91,0,0,0,0,1,0,0,0,0,0,0,25
1,0,0,62,62,0,0,0,0,1,0,0,0,0,0,0,25
1,0,0,76,76,0,0,0,0,1,0,0,0,0,0,0,25
1,0,0,86,86,0,0,0,0,1,0,0,0,0,0,0,25
1,0,0,80,80,0,0,0,0,1,0,0,0,0,0,0,25
1,0,0,63,63,0,0,0,0,1,0,0,0,0,0,0,25
1,0,0,85,85,0,0,0,0,1,0,0,0,0,0,0,25
1,0,0,70,70,0,0,0,0,1,0,0,0,0,0,0,25
1,0,0,71,71,0,0,0,0,1,0,0,0,0,0,0,25
1,0,0,70,70,0,0,0,0,1,0,0,0,0,0,0,25
1,0,0,84,84,0,0,0,0,1,0,0,0,0,0,0,25
1,0,0,72,72,0,0,0,0,1,0,0,0,0,0,0,25
1,0,0,61,61,0,0,0,0,1,0,0,0,0,0,0,25
1,0,0,80,80,0,0,0,0,1,0,0,0,0,0,0,25
1,0,0,79,79,0,0,0,0,1,0,0,0,0,0,0,25
1,0,0,65,65,0,0,0,0,1,0,0,0,0,0,0,25
1,0,0,80,80,0,0,0,0,1,0,0,0,0,0,1,38
1,0,0,71,71,0,0,0,0,1,0,0,0,0,0,1,38
1,0,0,73,73,0,0,0,0,1,0,0,0,0,0,1,38
1,0,0,92,92,0,0,0,0,1,0,0,0,0,0,1,38
1,0,0,91,91,0,0,0,0,1,0,0,0,0,0,1,38
1,0,0,79,79,0,0,0,0,1,0,0,0,0,0,1,38
1,0,0,93,93,0,0,0,0,1,0,0,0,0,0,1,38
1,0,0,85,85,0,0,0,0,1,0,0,0,0,0,1,38
1,0,0,89,89,0,0,0,0,1,0,0,0,0,0,1,38
1,0,0,69,69,0,0,0,0,1,0,0,0,0,0,1,38
1,76.5,77.2770855422492,95,77.2770855422492,2,6,0,0.14,1,0,0,0,0,0,1,38
1,0,0,87,87,0,0,0,0,1,0,0,0,0,0,1,38
1,0,0,90,90,0,0,0,0,1,0,0,0,0,0,1,38
1,0,0,90,90,0,0,0,0,1,0,0,0,0,0,1,38
1,0,0,80,80,0,0,0,0,1,0,0,0,0,0,1,38
1,0,0,80,80,0,0,0,0,1,0,0,0,0,0,1,38
1,0,0,68,68,0,0,0,0,1,0,0,0,0,0,1,38
1,0,0,84,84,0,0,0,0,1,0,0,0,0,0,1,38
1,0,0,78,78,0,0,0,0,1,0,0,0,0,0,1,38
1,0,0,93,93,0,0,0,0,1,0,0,0,0,0,1,38
1,69.5,100,83,83,2,1,0,0.14,1,0,1,237.365588992852,0,0,1,38
1,0,0,76,76,0,0,0,0,1,0,0,0,0,0,1,38
1,0,0,95,95,0,0,0,0,1,0,0,0,0,0,1,38
1,0,0,75,75,0,0,0,0,1,0,0,0,0,0,1,38
1,0,0,94,94,0,0,0,0,1,0,0,0,0,0,1,38
1,0,0,77,77,0,0,0,0,1,0,0,0,0,0,1,38
1,0,0,69,69,0,0,0,0,1,0,0,0,0,0,1,38
1,0,0,91,91,0,0,0,0,1,0,0,0,0,0,1,38
1,0,0,71,71,0,0,0,0,1,0,0,0,0,0,1,38
1,0,0,83,83,0,0,0,0,1,0,0,0,0,0,1,38
1,0,0,87,87,0,0,0,0,1,0,0,0,0,0,1,38
1,0,0,74,74,0,0,0,0,1,0,0,0,0,0,1,38
1,73.5,73.9769306566864,78,73.9769306566864,1,6,0,0.14,1,0,0,0,0,0,1,38
1,0,0,79,79,0,0,0,0,1,0,0,0,0,0,1,38
1,0,0,74,74,0,0,0,0,1,0,0,0,0,0,1,38
1,0,0,71,71,0,0,0,0,1,0,0,0,0,0,1,38
1,0,0,70,70,0,0,0,0,1,0,0,0,0,0,1,38
1,82.5,83.1924576948141,97,83.1924576948141,4,6,0,0.32,1,0,0,0,0,0,1,38
1,0,0,88,88,0,0,0,0,1,0,0,0,0,0,1,38
1,0,0,92,92,0,0,0,0,1,0,0,0,0,0,1,38
1,0,0,83,83,0,0,0,0,1,0,0,0,0,0,1,38
1,0,0,71,71,0,0,0,0,1,0,0,0,0,0,1,38
1,0,0,90,90,0,0,0,0,1,0,0,0,0,0,1,38
1,76.5,76.6047064670272,80,76.6047064670272,1,5,0,0.18,1,0,0,0,0,0,1,38
1,0,0,75,75,0,0,0,0,1,0,0,0,0,0,1,38
1,67.5,67.5533487937089,94,67.5533487937089,1,6,0,0.14,1,0,0,0,0,0,1,38
1,0,0,77,77,0,0,0,0,1,0,0,0,0,0,1,38
1,0,0,87,87,0,0,0,0,1,0,0,0,0,0,1,38
1,0,0,84,84,0,0,0,0,1,0,0,0,0,0,1,38
1,0,0,91,91,0,0,0,0,1,0,0,0,0,0,1,38
1,0,0,81,81,0,0,0,0,1,0,0,0,0,0,1,38
1,0,0,84,84,0,0,0,0,1,0,0,0,0,0,1,38
1,0,0,77,77,0,0,0,0,1,0,0,0,0,0,1,38
1,0,0,86,86,0,0,0,0,1,0,0,0,0,0,1,38
1,0,0,90,90,0,0,0,0,1,0,0,0,0,0,1,38
1,0,0,72,72,0,0,0,0,1,0,0,0,0,0,1,38
1,0,0,87,87,0,0,0,0,1,0,0,0,0,0,1,38
1,0,0,76,76,0,0,0,0,1,0,0,0,0,0,1,38
1,0,0,72,72,0,0,0,0,1,0,0,0,0,0,1,38
1,90.5,90.8101134421446,92,90.8101134421446,2,6,0,0.14,1,0,0,0,0,0,1,38
1,77.5,77.621452915442,91,77.621452915442,4,6,0,0.18,1,0,0,0,0,0,1,38
1,0,0,86,86,0,0,0,0,1,0,0,0,0,0,1,38
1,0,0,84,84,0,0,0,0,1,0,0,0,0,0,1,38
1,0,0,70,70,0,0,0,0,1,0,0,0,0,0,1,38
1,84.5,85.6290470150645,87,85.6290470150645,2,6,0,0.14,1,0,0,0,0,0,1,38
2,0,0,100,100,0,0,0,0,1,0,0,0,0,0,1,42
2,0,0,100,100,0,0,0,0,1,0,0,0,0,0,1,42
2,0,0,100,100,0,0,0,0,1,0,0,0,0,0,1,42
2,0,0,90,90,0,0,0,0,1,0,0,0,0,0,1,42
2,77.5,77.7153828967411,88,77.7153828967411,3,3,0,0.46,1,0,0,0,0,0,1,42
2,0,0,88,88,0,0,0,0,1,0,0,0,0,0,1,42
2,0,0,93,93,0,0,0,0,1,0,0,0,0,0,1,42
2,0,0,100,100,0,0,0,0,1,0,0,0,0,0,1,42
2,0,0,100,100,0,0,0,0,1,0,0,0,0,0,1,42
2,0,0,99,99,0,0,0,0,1,0,0,0,0,0,1,42
2,0,0,70,70,0,0,0,0,1,0,0,0,0,0,1,42
2,0,0,84,84,0,0,0,0,1,0,0,0,0,0,1,42
2,0,0,100,100,0,0,0,0,1,0,0,0,0,0,1,42
2,76.5,79.2169902734961,92,79.2169902734961,2,1,0,0.18,1,0,0,0,0,0,1,42
2,0,0,91,91,0,0,0,0,1,0,0,0,0,0,1,42
1,0,0,85,85,0,0,0,0,1,0,0,0,0,0,1,47
1,0,0,82,82,0,0,0,0,1,0,0,0,0,0,1,47
1,0,0,73,73,0,0,0,0,1,0,0,0,0,0,1,47
1,0,0,83,83,0,0,0,0,1,0,0,0,0,0,1,47
1,0,0,84,84,0,0,0,0,1,0,0,0,0,0,1,47
1,0,0,73,73,0,0,0,0,1,0,0,0,0,0,1,47
1,0,0,73,73,0,0,0,0,1,0,0,0,0,0,1,47
1,0,0,91,91,0,0,0,0,1,0,0,0,0,0,1,47
1,0,0,72,72,0,0,0,0,1,0,0,0,0,0,1,47
1,0,0,76,76,0,0,0,0,1,0,0,0,0,0,1,47
1,0,0,75,75,0,0,0,0,1,0,0,0,0,0,1,47
1,0,0,86,86,0,0,0,0,1,0,0,0,0,0,1,47
1,0,0,82,82,0,0,0,0,1,0,0,0,0,0,1,47
1,0,0,75,75,0,0,0,0,1,0,0,0,0,0,1,47
1,0,0,74,74,0,0,0,0,1,0,0,0,0,0,1,47
1,0,0,82,82,0,0,0,0,1,0,0,0,0,0,1,47
1,0,0,81,81,0,0,0,0,1,0,0,0,0,0,1,47
1,0,0,76,76,0,0,0,0,1,0,0,0,0,0,1,47
1,0,0,83,83,0,0,0,0,1,0,0,0,0,0,1,47
1,0,0,79,79,0,0,0,0,1,0,0,0,0,0,1,47
1,0,0,89,89,0,0,0,0,1,0,0,0,0,0,1,47
1,0,0,90,90,0,0,0,0,1,0,0,0,0,0,1,47
1,0,0,91,91,0,0,0,0,1,0,0,0,0,0,1,47
1,0,0,84,84,0,0,0,0,1,0,0,0,0,0,1,47
1,0,0,87,87,0,0,0,0,1,0,0,0,0,0,1,47
1,0,0,82,82,0,0,0,0,1,0,0,0,0,0,1,47
1,0,0,78,78,0,0,0,0,1,0,0,0,0,0,1,47
1,0,0,78,78,0,0,0,0,1,0,0,0,0,0,1,47
1,72.5,74.5561942987213,90,74.5561942987213,4,1,0,0.28,1,0,1,0.706765121247552,0,0,1,47
1,0,0,93,93,0,0,0,0,1,0,0,0,0,0,1,47
1,66.5,100,79,79,2,1,0,0.14,1,0,1,62.5755277819306,0,0,1,47
1,0,0,79,79,0,0,0,0,1,0,0,0,0,0,1,47
1,0,0,86,86,0,0,0,0,1,0,0,0,0,0,1,47
1,0,0,80,80,0,0,0,0,1,0,0,0,0,0,1,47
1,0,0,93,93,0,0,0,0,1,0,0,0,0,0,1,47
1,0,0,72,72,0,0,0,0,1,0,0,0,0,0,1,47
1,0,0,80,80,0,0,0,0,1,0,0,0,0,0,1,47
1,0,0,80,80,0,0,0,0,1,0,0,0,0,0,1,47
1,0,0,78,78,0,0,0,0,1,0,0,0,0,0,1,47
1,0,0,77,77,0,0,0,0,1,0,0,0,0,0,1,47
1,0,0,76,76,0,0,0,0,1,0,0,0,0,0,1,47
1,0,0,77,77,0,0,0,0,1,0,0,0,0,0,1,47
1,0,0,84,84,0,0,0,0,1,0,0,0,0,0,1,47
1,0,0,85,85,0,0,0,0,1,0,0,0,0,0,1,47
1,0,0,77,77,0,0,0,0,1,0,0,0,0,0,1,47
1,0,0,84,84,0,0,0,0,1,0,0,0,0,0,1,47
1,0,0,74,74,0,0,0,0,1,0,0,0,0,0,1,47
1,0,0,79,79,0,0,0,0,1,0,0,0,0,0,1,47
1,0,0,81,81,0,0,0,0,1,0,0,0,0,0,1,47
1,0,0,77,77,0,0,0,0,1,0,0,0,0,0,1,47
1,0,0,74,74,0,0,0,0,1,0,0,0,0,0,1,47
1,0,0,78,78,0,0,0,0,1,0,0,0,0,0,1,47
1,0,0,86,86,0,0,0,0,1,0,0,0,0,0,1,47
1,0,0,90,90,0,0,0,0,1,0,0,0,0,0,1,47
1,0,0,74,74,0,0,0,0,1,0,0,0,0,0,1,47
1,0,0,80,80,0,0,0,0,1,0,0,0,0,0,1,47
1,0,0,82,82,0,0,0,0,1,0,0,0,0,0,1,47
1,0,0,79,79,0,0,0,0,1,0,0,0,0,0,1,47
1,0,0,87,87,0,0,0,0,1,0,0,0,0,0,1,47
1,0,0,79,79,0,0,0,0,1,0,0,0,0,0,1,47
1,0,0,72,72,0,0,0,0,1,0,0,0,0,0,1,47
1,0,0,85,85,0,0,0,0,1,0,0,0,0,0,1,47
1,0,0,81,81,0,0,0,0,1,0,0,0,0,0,1,47
1,0,0,73,73,0,0,0,0,1,0,0,0,0,0,1,47
1,0,0,77,77,0,0,0,0,1,0,0,0,0,0,1,47
1,0,0,79,79,0,0,0,0,1,0,0,0,0,0,1,47
1,0,0,88,88,0,0,0,0,1,0,0,0,0,0,1,47
1,0,0,76,76,0,0,0,0,1,0,0,0,0,0,1,47
1,0,0,77,77,0,0,0,0,1,0,0,0,0,0,1,47
1,0,0,81,81,0,0,0,0,1,0,0,0,0,0,1,47
1,0,0,84,84,0,0,0,0,1,0,0,0,0,0,1,47
1,0,0,85,85,0,0,0,0,1,0,0,0,0,0,1,47
1,0,0,90,90,0,0,0,0,1,0,0,0,0,0,1,47
1,0,0,92,92,0,0,0,0,1,0,0,0,0,0,1,47
1,0,0,84,84,0,0,0,0,1,0,0,0,0,0,1,47
1,0,0,89,89,0,0,0,0,1,0,0,0,0,0,1,47
1,0,0,92,92,0,0,0,0,1,0,0,0,0,0,1,47
1,0,0,82,82,0,0,0,0,1,0,0,0,0,0,1,47
1,0,0,82,82,0,0,0,0,1,0,0,0,0,0,1,47
1,0,0,77,77,0,0,0,0,1,0,0,0,0,0,1,47
1,0,0,73,73,0,0,0,0,1,0,0,0,0,0,1,47
1,0,0,72,72,0,0,0,0,1,0,0,0,0,0,1,47
1,0,0,93,93,0,0,0,0,1,0,0,0,0,0,1,47
1,0,0,88,88,0,0,0,0,1,0,0,0,0,0,1,47
1,0,0,84,84,0,0,0,0,1,0,0,0,0,0,1,47
1,0,0,77,77,0,0,0,0,1,0,0,0,0,0,1,47
1,0,0,81,81,0,0,0,0,1,0,0,0,0,0,1,47
1,0,0,80,80,0,0,0,0,1,0,0,0,0,0,1,47
1,0,0,87,87,0,0,0,0,1,0,0,0,0,0,1,47
1,0,0,80,80,0,0,0,0,1,0,0,0,0,0,1,47
1,0,0,81,81,0,0,0,0,1,0,0,0,0,0,1,47
1,0,0,73,73,0,0,0,0,1,0,0,0,0,0,1,47
1,0,0,78,78,0,0,0,0,1,0,0,0,0,0,1,47
1,0,0,79,79,0,0,0,0,1,0,0,0,0,0,1,47
1,0,0,84,84,0,0,0,0,1,0,0,0,0,0,1,47
1,0,0,83,83,0,0,0,0,1,0,0,0,0,0,1,47
1,0,0,81,81,0,0,0,0,1,0,0,0,0,0,1,47
1,0,0,89,89,0,0,0,0,1,0,0,0,0,0,1,47
1,0,0,74,74,0,0,0,0,1,0,0,0,0,0,1,47
1,0,0,94,94,0,0,0,0,1,0,0,0,0,0,1,47
2,0,0,86,86,0,0,0,0,0,0,0,0,0,0,0,27
2,0,0,100,100,0,0,0,0,0,0,0,0,0,0,0,27
2,0,0,98,98,0,0,0,0,0,0,0,0,0,0,0,27
2,0,0,93,93,0,0,0,0,0,0,0,0,0,0,0,27
2,0,0,68,68,0,0,0,0,0,0,0,0,0,0,0,27
2,0,0,94,94,0,0,0,0,0,0,0,0,0,0,0,27
2,0,0,100,100,0,0,0,0,0,0,0,0,0,0,0,27
2,0,0,98,98,0,0,0,0,0,0,0,0,0,0,0,27
2,0,0,78,78,0,0,0,0,0,0,0,0,0,0,0,27
2,0,0,93,93,0,0,0,0,0,0,0,0,0,0,0,27
2,0,0,80,80,0,0,0,0,0,0,0,0,0,0,0,27
2,0,0,77,77,0,0,0,0,0,0,0,0,0,0,0,27
2,98.5,99.7951495366951,100,99.7951495366951,2,6,0,0.14,0,0,0,0,0,0,0,27
2,0,0,74,74,0,0,0,0,0,0,0,0,0,0,0,27
2,0,0,100,100,0,0,0,0,0,0,0,0,0,0,0,27
2,0,0,100,100,0,0,0,0,0,0,0,0,0,0,0,27
2,0,0,100,100,0,0,0,0,0,0,0,0,0,0,0,27
2,83.5,83.5942249681694,85,83.5942249681694,2,5,0,0.18,0,0,0,0,0,0,0,27
2,0,0,100,100,0,0,0,0,0,0,0,0,0,0,0,27
2,0,0,70,70,0,0,0,0,0,0,0,0,0,0,0,27
2,0,0,96,96,0,0,0,0,0,0,0,0,0,0,0,27
2,0,0,95,95,0,0,0,0,0,0,0,0,0,0,0,27
2,0,0,100,100,0,0,0,0,0,0,0,0,0,0,0,27
2,0,0,100,100,0,0,0,0,0,0,0,0,0,0,0,27
2,0,0,100,100,0,0,0,0,0,0,0,0,0,0,0,27
2,0,0,100,100,0,0,0,0,0,0,0,0,0,0,0,27
2,0,0,88,88,0,0,0,0,0,0,0,0,0,0,0,27
2,0,0,100,100,0,0,0,0,0,0,0,0,0,0,0,27
2,0,0,83,83,0,0,0,0,0,0,0,0,0,0,0,27
2,0,0,91,91,0,0,0,0,0,0,0,0,0,0,0,27
2,0,0,80,80,0,0,0,0,0,0,0,0,0,0,0,27
2,0,0,62,62,0,0,0,0,0,0,0,0,0,0,0,27
2,0,0,99,99,0,0,0,0,0,0,0,0,0,0,0,27
2,0,0,99,99,0,0,0,0,0,0,0,0,0,0,0,27
2,0,0,59,59,0,0,0,0,0,0,0,0,0,0,0,27
2,0,0,89,89,0,0,0,0,0,0,0,0,0,0,0,27
2,0,0,84,84,0,0,0,0,0,0,0,0,0,0,0,27
2,87.5,87.735240663526,100,87.735240663526,2,6,0,0,0,0,0,0,0,0,0,27
2,0,0,84,84,0,0,0,0,0,0,0,0,0,0,0,27
2,0,0,86,86,0,0,0,0,0,0,0,0,0,0,0,27
2,0,0,98,98,0,0,0,0,0,0,0,0,0,0,0,27
2,0,0,96,96,0,0,0,0,0,0,0,0,0,0,0,27
2,0,0,77,77,0,0,0,0,0,0,0,0,0,0,0,27
2,0,0,89,89,0,0,0,0,0,0,0,0,0,0,0,27
2,0,0,86,86,0,0,0,0,0,0,0,0,0,0,0,27
2,0,0,100,100,0,0,0,0,0,0,0,0,0,0,0,27
2,0,0,100,100,0,0,0,0,0,0,0,0,0,0,0,27
2,0,0,100,100,0,0,0,0,0,0,0,0,0,0,0,27
2,0,0,90,90,0,0,0,0,0,0,0,0,0,0,0,27
2,0,0,78,78,0,0,0,0,0,0,0,0,0,0,0,27
2,0,0,76,76,0,0,0,0,0,0,0,0,0,0,0,27
2,0,0,100,100,0,0,0,0,0,0,0,0,0,0,0,27
2,0,0,100,100,0,0,0,0,0,0,0,0,0,0,0,27
2,0,0,67,67,0,0,0,0,0,0,0,0,0,0,0,27
2,0,0,89,89,0,0,0,0,0,0,0,0,0,0,0,27
2,0,0,86,86,0,0,0,0,0,0,0,0,0,0,0,27
2,0,0,85,85,0,0,0,0,0,0,0,0,0,0,0,27
2,0,0,70,70,0,0,0,0,0,0,0,0,0,0,0,27
2,0,0,55,55,0,0,0,0,0,0,0,0,0,0,0,27
2,0,0,83,83,0,0,0,0,0,0,0,0,0,0,0,27
2,0,0,100,100,0,0,0,0,0,0,0,0,0,0,0,27
2,0,0,99,99,0,0,0,0,0,0,0,0,0,0,0,27
2,0,0,94,94,0,0,0,0,0,0,0,0,0,0,0,27
2,0,0,100,100,0,0,0,0,0,0,0,0,0,0,0,27
2,0,0,100,100,0,0,0,0,0,0,0,0,0,0,0,27
2,0,0,97,97,0,0,0,0,0,0,0,0,0,0,0,27
2,0,0,67,67,0,0,0,0,0,0,0,0,0,0,0,27
2,0,0,100,100,0,0,0,0,0,0,0,0,0,0,0,27
2,0,0,95,95,0,0,0,0,0,0,0,0,0,0,0,27
2,0,0,100,100,0,0,0,0,0,0,0,0,0,0,0,27
2,0,0,100,100,0,0,0,0,0,0,0,0,0,0,0,27
2,0,0,100,100,0,0,0,0,0,0,0,0,0,0,0,27
2,0,0,80,80,0,0,0,0,0,0,0,0,0,0,0,27
2,0,0,90,90,0,0,0,0,0,0,0,0,0,0,0,27
2,0,0,90,90,0,0,0,0,0,0,0,0,0,0,0,27
2,0,0,96,96,0,0,0,0,0,0,0,0,0,0,0,27
2,0,0,87,87,0,0,0,0,0,0,0,0,0,0,0,27
2,0,0,91,91,0,0,0,0,0,0,0,0,0,0,0,27
2,0,0,98,98,0,0,0,0,0,0,0,0,0,0,0,27
2,0,0,76,76,0,0,0,0,0,0,0,0,0,0,0,27
2,0,0,85,85,0,0,0,0,0,0,0,0,0,0,0,27
2,0,0,73,73,0,0,0,0,0,0,0,0,0,0,0,27
2,0,0,77,77,0,0,0,0,1,0,0,0,0,0,1,21
2,0,0,85,85,0,0,0,0,1,0,0,0,0,0,1,21
2,0,0,82,82,0,0,0,0,1,0,0,0,0,0,1,21
2,0,0,74,74,0,0,0,0,1,0,0,0,0,0,1,21
2,80.5,84.5078266849404,94,84.5078266849404,2,1,0,0.28,1,0,1,2.81789880835688,0,0,1,21
2,0,0,75,75,0,0,0,0,1,0,0,0,0,0,1,21
2,84.5,84.7450112419197,85,84.7450112419197,2,3,0,0.32,1,0,0,0,0,0,1,21
2,0,0,71,71,0,0,0,0,1,0,0,0,0,0,1,21
2,76.5,95.6921305650599,98,95.6921305650599,3,1,0,0.18,1,0,0,0,0,0,1,21
2,0,0,86,86,0,0,0,0,1,0,0,0,0,0,1,21
2,0,0,93,93,0,0,0,0,1,0,0,0,0,0,1,21
2,0,0,76,76,0,0,0,0,1,0,0,0,0,0,1,21
2,0,0,89,89,0,0,0,0,1,0,0,0,0,0,1,21
2,0,0,94,94,0,0,0,0,1,0,0,0,0,0,1,21
2,0,0,94,94,0,0,0,0,1,0,0,0,0,0,1,21
2,0,0,99,99,0,0,0,0,1,0,0,0,0,0,1,21
2,0,0,98,98,0,0,0,0,1,0,0,0,0,0,1,21
2,0,0,78,78,0,0,0,0,1,0,0,0,0,0,1,21
2,0,0,91,91,0,0,0,0,1,0,0,0,0,0,1,21
2,0,0,96,96,0,0,0,0,1,0,0,0,0,0,1,21
2,100,0,100,100,2,1,0,0,1,1,0,0,0,0,1,21
2,0,0,96,96,0,0,0,0,1,0,0,0,0,0,1,21
2,0,0,90,90,0,0,0,0,1,0,0,0,0,0,1,21
2,0,0,87,87,0,0,0,0,1,0,0,0,0,0,1,21
2,0,0,96,96,0,0,0,0,1,0,0,0,0,0,1,21
2,0,0,100,100,0,0,0,0,1,0,0,0,0,0,1,21
2,0,0,92,92,0,0,0,0,1,0,0,0,0,0,1,21
2,0,0,83,83,0,0,0,0,1,0,0,0,0,0,1,21
2,0,0,90,90,0,0,0,0,1,0,0,0,0,0,1,21
2,0,0,85,85,0,0,0,0,1,0,0,0,0,0,1,21
2,0,0,82,82,0,0,0,0,1,0,0,0,0,0,1,21
2,0,0,90,90,0,0,0,0,1,0,0,0,0,0,1,21
2,0,0,97,97,0,0,0,0,1,0,0,0,0,0,1,21
2,0,0,78,78,0,0,0,0,1,0,0,0,0,0,1,21
2,0,0,72,72,0,0,0,0,1,0,0,0,0,0,1,21
2,0,0,100,100,0,0,0,0,1,0,0,0,0,0,1,21
2,0,0,93,93,0,0,0,0,1,0,0,0,0,0,1,21
2,0,0,69,69,0,0,0,0,1,0,0,0,0,0,1,21
2,0,0,99,99,0,0,0,0,1,0,0,0,0,0,1,21
2,0,0,89,89,0,0,0,0,1,0,0,0,0,0,1,21
2,0,0,73,73,0,0,0,0,1,0,0,0,0,0,1,21
2,0,0,80,80,0,0,0,0,1,0,0,0,0,0,1,21
2,0,0,89,89,0,0,0,0,1,0,0,0,0,0,1,21
2,0,0,69,69,0,0,0,0,1,0,0,0,0,0,1,21
2,0,0,85,85,0,0,0,0,1,0,0,0,0,0,1,21
2,92.5,92.6688476539155,98,92.6688476539155,1,5,0,0.32,1,0,0,0,0,0,1,21
2,0,0,77,77,0,0,0,0,1,0,0,0,0,0,1,21
2,0,0,88,88,0,0,0,0,1,0,0,0,0,0,1,21
2,0,0,79,79,0,0,0,0,1,0,0,0,0,0,1,21
2,0,0,99,99,0,0,0,0,1,0,0,0,0,0,1,21
2,0,0,85,85,0,0,0,0,1,0,0,0,0,0,1,21
2,77.5,100,100,100,4,1,0,0.18,1,0,1,183.357878140717,0,0,1,21
2,0,0,87,87,0,0,0,0,1,0,0,0,0,0,1,21
2,0,0,91,91,0,0,0,0,1,0,0,0,0,0,1,21
2,0,0,100,100,0,0,0,0,1,0,0,0,0,0,1,21
2,87.5,95.084380916869,90,90,2,1,0,0.32,1,0,0,0,0,0,1,21
2,0,0,79,79,0,0,0,0,1,0,0,0,0,0,1,21
2,0,0,88,88,0,0,0,0,1,0,0,0,0,0,1,21
2,0,0,80,80,0,0,0,0,1,0,0,0,0,0,1,21
2,0,0,91,91,0,0,0,0,1,0,0,0,0,0,1,21
2,0,0,80,80,0,0,0,0,1,0,0,0,0,0,1,21
2,0,0,97,97,0,0,0,0,1,0,0,0,0,0,1,21
1,0,0,92,92,0,0,0,0,1,0,0,0,0,0,0,35
1,0,0,100,100,0,0,0,0,1,0,0,0,0,0,0,35
1,0,0,63,63,0,0,0,0,1,0,0,0,0,0,0,35
1,0,0,99,99,0,0,0,0,1,0,0,0,0,0,0,35
1,0,0,100,100,0,0,0,0,1,0,0,0,0,0,0,35
1,0,0,89,89,0,0,0,0,1,0,0,0,0,0,0,35
1,0,0,69,69,0,0,0,0,1,0,0,0,0,0,0,35
1,0,0,80,80,0,0,0,0,1,0,0,0,0,0,0,35
1,0,0,86,86,0,0,0,0,1,0,0,0,0,0,0,35
1,0,0,79,79,0,0,0,0,1,0,0,0,0,0,0,35
1,0,0,86,86,0,0,0,0,1,0,0,0,0,0,0,35
1,0,0,98,98,0,0,0,0,1,0,0,0,0,0,0,35
1,0,0,100,100,0,0,0,0,1,0,0,0,0,0,0,35
1,0,0,69,69,0,0,0,0,1,0,0,0,0,0,0,35
1,94.5,94.6863548883211,100,94.6863548883211,4,6,0,0.14,1,0,0,0,0,0,0,35
1,99,0,99,99,2,1,0,0,1,1,0,0,0,0,0,35
1,0,0,61,61,0,0,0,0,1,0,0,0,0,0,0,35
1,0,0,79,79,0,0,0,0,1,0,0,0,0,0,0,35
1,0,0,98,98,0,0,0,0,1,0,0,0,0,0,0,35
1,0,0,94,94,0,0,0,0,1,0,0,0,0,0,0,35
1,60.5,62.1232660850535,86,62.1232660850535,2,4,0,0.28,1,0,0,0,0,0,0,35
1,0,0,73,73,0,0,0,0,1,0,0,0,0,0,0,35
1,0,0,98,98,0,0,0,0,1,0,0,0,0,0,0,35
1,0,0,81,81,0,0,0,0,1,0,0,0,0,0,0,35
1,0,0,91,91,0,0,0,0,1,0,0,0,0,0,0,35
1,0,0,65,65,0,0,0,0,1,0,0,0,0,0,0,35
1,0,0,77,77,0,0,0,0,1,0,0,0,0,0,0,35
1,0,0,87,87,0,0,0,0,1,0,0,0,0,0,0,35
1,0,0,97,97,0,0,0,0,1,0,0,0,0,0,0,35
1,0,0,88,88,0,0,0,0,1,0,0,0,0,0,0,35
1,0,0,93,93,0,0,0,0,1,0,0,0,0,0,1,40
1,0,0,90,90,0,0,0,0,1,0,0,0,0,0,1,40
1,0,0,100,100,0,0,0,0,1,0,0,0,0,0,1,40
1,64.5,70.9551233782761,100,70.9551233782761,2,2,0,0.18,1,0,0,0,0,0,1,40
1,0,0,83,83,0,0,0,0,1,0,0,0,0,0,1,40
1,0,0,98,98,0,0,0,0,1,0,0,0,0,0,1,40
1,0,0,91,91,0,0,0,0,1,0,0,0,0,0,1,40
1,0,0,88,88,0,0,0,0,1,0,0,0,0,0,1,40
1,0,0,80,80,0,0,0,0,1,0,0,0,0,0,1,40
1,0,0,89,89,0,0,0,0,1,0,0,0,0,0,1,40
1,0,0,100,100,0,0,0,0,1,0,0,0,0,0,1,40
1,0,0,100,100,0,0,0,0,1,0,0,0,0,0,1,40
1,82,0,82,82,2,1,0,0,1,1,0,0,0,0,1,40
1,0,0,85,85,0,0,0,0,1,0,0,0,0,0,1,40
1,0,0,100,100,0,0,0,0,1,0,0,0,0,0,1,40
1,87.5,89.0184166966637,88,88,1,3,0,0.46,1,0,0,0,0,0,1,40
1,0,0,77,77,0,0,0,0,1,0,0,0,0,0,1,40
1,0,0,100,100,0,0,0,0,1,0,0,0,0,0,1,40
1,0,0,86,86,0,0,0,0,1,0,0,0,0,0,1,40
1,87.5,88.0913833167326,95,88.0913833167326,4,5,0,0.18,1,0,0,0,0,0,1,40
1,0,0,79,79,0,0,0,0,1,0,0,0,0,0,1,40
1,0,0,79,79,0,0,0,0,1,0,0,0,0,0,1,40
1,0,0,100,100,0,0,0,0,1,0,0,0,0,0,1,40
1,0,0,75,75,0,0,0,0,1,0,0,0,0,0,1,40
1,0,0,67,67,0,0,0,0,1,0,0,0,0,0,1,40
1,0,0,82,82,0,0,0,0,1,0,0,0,0,0,1,40
1,0,0,89,89,0,0,0,0,1,0,0,0,0,0,1,40
1,0,0,100,100,0,0,0,0,1,0,0,0,0,0,1,40
1,0,0,77,77,0,0,0,0,1,0,0,0,0,0,1,40
1,0,0,74,74,0,0,0,0,1,0,0,0,0,0,1,40
1,0,0,100,100,0,0,0,0,1,0,0,0,0,0,1,40
1,0,0,91,91,0,0,0,0,1,0,0,0,0,0,1,40
1,0,0,86,86,0,0,0,0,1,0,0,0,0,0,1,40
1,85,0,85,85,2,1,0,0,1,1,0,0,0,0,1,40
1,0,0,79,79,0,0,0,0,1,0,0,0,0,0,1,40
1,0,0,88,88,0,0,0,0,1,0,0,0,0,0,1,40
1,0,0,94,94,0,0,0,0,1,0,0,0,0,0,1,40
1,0,0,86,86,0,0,0,0,1,0,0,0,0,0,1,40
1,0,0,92,92,0,0,0,0,1,0,0,0,0,0,1,40
1,74.5,74.849220030122,83,74.849220030122,1,6,0,0.28,1,0,0,0,0,0,1,40
1,0,0,84,84,0,0,0,0,1,0,0,0,0,0,1,40
1,0,0,74,74,0,0,0,0,1,0,0,0,0,0,1,40
1,0,0,96,96,0,0,0,0,1,0,0,0,0,0,1,40
1,0,0,84,84,0,0,0,0,1,0,0,0,0,0,1,40
1,0,0,82,82,0,0,0,0,1,0,0,0,0,0,1,40
1,0,0,75,75,0,0,0,0,1,0,0,0,0,0,1,40
1,0,0,100,100,0,0,0,0,1,0,0,0,0,0,1,40
1,0,0,94,94,0,0,0,0,1,0,0,0,0,0,1,40
1,0,0,86,86,0,0,0,0,1,0,0,0,0,0,1,40
1,0,0,88,88,0,0,0,0,1,0,0,0,0,0,1,40
1,0,0,88,88,0,0,0,0,1,0,0,0,0,0,1,40
1,0,0,77,77,0,0,0,0,1,0,0,0,0,0,1,40
1,0,0,80,80,0,0,0,0,1,0,0,0,0,0,1,40
1,69.5,69.9292533211774,91,69.9292533211774,4,4,0,0.14,1,0,1,0.429253321177373,0,0,1,40
1,0,0,78,78,0,0,0,0,1,0,0,0,0,0,1,40
1,0,0,72,72,0,0,0,0,1,0,0,0,0,0,1,40
1,0,0,95,95,0,0,0,0,1,0,0,0,0,0,1,40
1,0,0,100,100,0,0,0,0,1,0,0,0,0,0,1,40
1,0,0,97,97,0,0,0,0,1,0,0,0,0,0,1,40
1,0,0,63,63,0,0,0,0,1,0,0,0,0,0,1,40
1,0,0,98,98,0,0,0,0,1,0,0,0,0,0,1,40
1,0,0,99,99,0,0,0,0,1,0,0,0,0,0,1,40
1,80.5,80.6687453788612,100,80.6687453788612,4,6,0,0.28,1,0,0,0,0,0,1,40
1,0,0,90,90,0,0,0,0,1,0,0,0,0,0,1,40
1,0,0,71,71,0,0,0,0,1,0,0,0,0,0,1,40
1,80.5,80.5561755881393,83,80.5561755881393,2,5,0,0.32,1,0,0,0,0,0,1,40
1,0,0,100,100,0,0,0,0,1,0,0,0,0,0,1,40
1,83.5,83.6496085395186,88,83.6496085395186,2,5,0,0.18,1,0,0,0,0,0,1,40
1,0,0,75,75,0,0,0,0,1,0,0,0,0,0,1,40
1,0,0,94,94,0,0,0,0,1,0,0,0,0,0,1,40
1,0,0,87,87,0,0,0,0,1,0,0,0,0,0,1,40
1,0,0,76,76,0,0,0,0,1,0,0,0,0,0,1,40
1,0,0,97,97,0,0,0,0,1,0,0,0,0,0,1,40
1,0,0,90,90,0,0,0,0,1,0,0,0,0,0,1,40
1,0,0,65,65,0,0,0,0,1,0,0,0,0,0,1,40
1,0,0,85,85,0,0,0,0,1,0,0,0,0,0,1,40
1,0,0,91,91,0,0,0,0,1,0,0,0,0,0,1,40
1,0,0,95,95,0,0,0,0,1,0,0,0,0,0,1,40
1,0,0,81,81,0,0,0,0,1,0,0,0,0,0,1,40
1,0,0,95,95,0,0,0,0,1,0,0,0,0,0,1,40
1,0,0,85,85,0,0,0,0,1,0,0,0,0,0,1,40
1,0,0,94,94,0,0,0,0,1,0,0,0,0,0,1,40
1,0,0,88,88,0,0,0,0,1,0,0,0,0,0,1,40
1,0,0,91,91,0,0,0,0,1,0,0,0,0,0,1,40
1,0,0,92,92,0,0,0,0,1,0,0,0,0,0,1,40
1,0,0,85,85,0,0,0,0,1,0,0,0,0,0,1,40
1,0,0,81,81,0,0,0,0,1,0,0,0,0,0,1,40
1,0,0,90,90,0,0,0,0,1,0,0,0,0,0,1,40
1,0,0,89,89,0,0,0,0,1,0,0,0,0,0,1,40
1,0,0,94,94,0,0,0,0,1,0,0,0,0,0,1,40
1,0,0,86,86,0,0,0,0,1,0,0,0,0,0,1,40
1,0,0,97,97,0,0,0,0,1,0,0,0,0,0,0,36
1,0,0,92,92,0,0,0,0,1,0,0,0,0,0,0,36
1,0,0,88,88,0,0,0,0,1,0,0,0,0,0,0,36
1,0,0,100,100,0,0,0,0,1,0,0,0,0,0,0,36
1,0,0,94,94,0,0,0,0,1,0,0,0,0,0,0,36
1,0,0,85,85,0,0,0,0,1,0,0,0,0,0,0,36
1,0,0,98,98,0,0,0,0,1,0,0,0,0,0,0,36
1,0,0,100,100,0,0,0,0,1,0,0,0,0,0,0,36
1,0,0,91,91,0,0,0,0,1,0,0,0,0,0,0,36
1,0,0,66,66,0,0,0,0,1,0,0,0,0,0,0,36
1,0,0,100,100,0,0,0,0,1,0,0,0,0,0,0,36
1,0,0,89,89,0,0,0,0,1,0,0,0,0,0,0,36
1,0,0,100,100,0,0,0,0,1,0,0,0,0,0,0,36
1,0,0,100,100,0,0,0,0,1,0,0,0,0,0,0,36
1,0,0,74,74,0,0,0,0,1,0,0,0,0,0,0,36
1,0,0,100,100,0,0,0,0,1,0,0,0,0,0,0,36
1,0,0,100,100,0,0,0,0,1,0,0,0,0,0,0,36
1,0,0,77,77,0,0,0,0,1,0,0,0,0,0,0,36
1,0,0,77,77,0,0,0,0,1,0,0,0,0,0,0,36
1,0,0,100,100,0,0,0,0,1,0,0,0,0,0,0,36
1,0,0,100,100,0,0,0,0,1,0,0,0,0,0,0,36
1,0,0,93,93,0,0,0,0,1,0,0,0,0,0,0,36
1,0,0,100,100,0,0,0,0,1,0,0,0,0,0,0,36
1,0,0,100,100,0,0,0,0,1,0,0,0,0,0,0,36
1,0,0,100,100,0,0,0,0,1,0,0,0,0,0,0,36
1,0,0,100,100,0,0,0,0,1,0,0,0,0,0,0,36
1,0,0,86,86,0,0,0,0,1,0,0,0,0,0,0,36
1,0,0,100,100,0,0,0,0,1,0,0,0,0,0,0,36
1,82.5,84.340038661306,100,84.340038661306,4,6,0,0.14,1,0,0,0,0,0,0,36
1,0,0,84,84,0,0,0,0,1,0,0,0,0,0,0,36
1,0,0,92,92,0,0,0,0,1,0,0,0,0,0,0,36
1,0,0,93,93,0,0,0,0,1,0,0,0,0,0,0,36
1,0,0,100,100,0,0,0,0,1,0,0,0,0,0,0,36
1,0,0,77,77,0,0,0,0,1,0,0,0,0,0,0,36
1,0,0,92,92,0,0,0,0,1,0,0,0,0,0,0,36
1,0,0,100,100,0,0,0,0,1,0,0,0,0,0,0,36
1,0,0,96,96,0,0,0,0,1,0,0,0,0,0,0,36
1,0,0,100,100,0,0,0,0,1,0,0,0,0,0,0,36
1,0,0,72,72,0,0,0,0,1,0,0,0,0,0,0,36
1,0,0,100,100,0,0,0,0,1,0,0,0,0,0,0,36
1,0,0,100,100,0,0,0,0,1,0,0,0,0,0,0,36
1,0,0,98,98,0,0,0,0,1,0,0,0,0,0,0,36
1,0,0,100,100,0,0,0,0,1,0,0,0,0,0,0,36
1,0,0,100,100,0,0,0,0,1,0,0,0,0,0,0,36
1,0,0,93,93,0,0,0,0,1,0,0,0,0,0,0,36
1,0,0,66,66,0,0,0,0,1,0,0,0,0,0,0,36
1,0,0,100,100,0,0,0,0,1,0,0,0,0,0,0,36
1,0,0,99,99,0,0,0,0,1,0,0,0,0,0,0,36
1,0,0,100,100,0,0,0,0,1,0,0,0,0,0,0,36
1,0,0,100,100,0,0,0,0,1,0,0,0,0,0,0,36
1,0,0,98,98,0,0,0,0,1,0,0,0,0,0,0,36
1,0,0,100,100,0,0,0,0,1,0,0,0,0,0,0,36
1,0,0,100,100,0,0,0,0,1,0,0,0,0,0,0,36
1,0,0,100,100,0,0,0,0,1,0,0,0,0,0,0,36
1,0,0,67,67,0,0,0,0,1,0,0,0,0,0,0,36
1,0,0,100,100,0,0,0,0,1,0,0,0,0,0,0,36
1,0,0,90,90,0,0,0,0,1,0,0,0,0,0,0,36
1,0,0,100,100,0,0,0,0,1,0,0,0,0,0,0,36
1,0,0,100,100,0,0,0,0,1,0,0,0,0,0,0,36
1,0,0,77,77,0,0,0,0,1,0,0,0,0,0,0,36
1,0,0,99,99,0,0,0,0,1,0,0,0,0,0,0,36
1,0,0,97,97,0,0,0,0,1,0,0,0,0,0,0,36
1,0,0,87,87,0,0,0,0,1,0,0,0,0,0,0,36
1,0,0,98,98,0,0,0,0,1,0,0,0,0,0,0,36
1,0,0,94,94,0,0,0,0,1,0,0,0,0,0,0,36
1,0,0,63,63,0,0,0,0,1,0,0,0,0,0,0,36
1,0,0,97,97,0,0,0,0,1,0,0,0,0,0,0,36
1,0,0,100,100,0,0,0,0,1,0,0,0,0,0,0,36
1,0,0,99,99,0,0,0,0,1,0,0,0,0,0,0,36
1,0,0,98,98,0,0,0,0,1,0,0,0,0,0,0,36
1,0,0,95,95,0,0,0,0,1,0,0,0,0,0,0,36
1,0,0,100,100,0,0,0,0,1,0,0,0,0,0,0,36
1,0,0,99,99,0,0,0,0,1,0,0,0,0,0,0,36
1,0,0,100,100,0,0,0,0,1,0,0,0,0,0,0,36
1,0,0,89,89,0,0,0,0,1,0,0,0,0,0,0,36
1,0,0,85,85,0,0,0,0,1,0,0,0,0,0,0,36
1,0,0,85,85,0,0,0,0,1,0,0,0,0,0,0,36
1,0,0,98,98,0,0,0,0,1,0,0,0,0,0,0,36
1,0,0,94,94,0,0,0,0,1,0,0,0,0,0,0,36
1,0,0,100,100,0,0,0,0,1,0,0,0,0,0,0,36
1,0,0,99,99,0,0,0,0,1,0,0,0,0,0,0,36
1,71.5,71.6842314472571,100,71.6842314472571,2,6,0,0,1,0,0,0,0,0,0,36
1,0,0,100,100,0,0,0,0,1,0,0,0,0,0,0,36
1,0,0,73,73,0,0,0,0,1,0,0,0,0,0,0,36
1,0,0,84,84,0,0,0,0,1,0,0,0,0,0,0,36
1,0,0,93,93,0,0,0,0,1,0,0,0,0,0,0,36
1,0,0,95,95,0,0,0,0,1,0,0,0,0,0,0,36
1,0,0,67,67,0,0,0,0,1,0,0,0,0,0,0,36
1,0,0,100,100,0,0,0,0,1,0,0,0,0,0,0,36
1,0,0,92,92,0,0,0,0,1,0,0,0,0,0,0,36
1,0,0,100,100,0,0,0,0,1,0,0,0,0,0,0,36
1,87,0,87,87,2,1,0,0,1,1,0,0,0,0,0,36
1,0,0,87,87,0,0,0,0,1,0,0,0,0,0,0,36
1,0,0,83,83,0,0,0,0,1,0,0,0,0,0,0,36
1,0,0,100,100,0,0,0,0,1,0,0,0,0,0,0,36
1,0,0,100,100,0,0,0,0,1,0,0,0,0,0,0,36
1,0,0,88,88,0,0,0,0,1,0,0,0,0,0,0,36
1,85.5,91.5385470168168,100,91.5385470168168,2,1,0,0.18,1,0,0,0,0,0,0,36
1,74.5,75.5079651639353,88,75.5079651639353,3,6,0,0.14,1,0,0,0,0,0,0,36
1,0,0,93,93,0,0,0,0,1,0,0,0,0,0,0,36
1,0,0,85,85,0,0,0,0,1,0,0,0,0,0,0,36
1,0,0,100,100,0,0,0,0,1,0,0,0,0,0,0,36
1,0,0,62,62,0,0,0,0,1,0,0,0,0,0,0,36
1,0,0,85,85,0,0,0,0,1,0,0,0,0,0,0,36
1,0,0,99,99,0,0,0,0,1,0,0,0,0,0,0,36
1,0,0,91,91,0,0,0,0,1,0,0,0,0,0,0,36
1,0,0,100,100,0,0,0,0,1,0,0,0,0,0,0,36
1,0,0,100,100,0,0,0,0,1,0,0,0,0,0,0,36
1,0,0,99,99,0,0,0,0,1,0,0,0,0,0,0,36
1,0,0,100,100,0,0,0,0,1,0,0,0,0,0,0,36
1,0,0,100,100,0,0,0,0,1,0,0,0,0,0,0,36
1,0,0,100,100,0,0,0,0,1,0,0,0,0,0,0,36
1,0,0,88,88,0,0,0,0,1,0,0,0,0,0,0,36
1,0,0,99,99,0,0,0,0,1,0,0,0,0,0,0,36
1,0,0,95,95,0,0,0,0,1,0,0,0,0,0,0,36
1,0,0,99,99,0,0,0,0,1,0,0,0,0,0,0,36
1,0,0,78,78,0,0,0,0,1,0,0,0,0,0,0,36
1,0,0,100,100,0,0,0,0,1,0,0,0,0,0,0,36
1,0,0,89,89,0,0,0,0,1,0,0,0,0,0,0,36
1,0,0,100,100,0,0,0,0,1,0,0,0,0,0,0,36
1,0,0,91,91,0,0,0,0,1,0,0,0,0,0,0,36
1,0,0,100,100,0,0,0,0,1,0,0,0,0,0,0,36
1,0,0,86,86,0,0,0,0,1,0,0,0,0,0,0,36
1,0,0,92,92,0,0,0,0,1,0,0,0,0,0,0,36
1,0,0,85,85,0,0,0,0,1,0,0,0,0,0,0,36
1,0,0,83,83,0,0,0,0,1,0,0,0,0,0,0,36
1,0,0,91,91,0,0,0,0,1,0,0,0,0,0,0,36
1,0,0,83,83,0,0,0,0,1,0,0,0,0,0,0,36
1,0,0,99,99,0,0,0,0,1,0,0,0,0,0,0,36
1,0,0,62,62,0,0,0,0,1,0,0,0,0,0,0,36
1,0,0,86,86,0,0,0,0,1,0,0,0,0,0,0,36
1,0,0,95,95,0,0,0,0,1,0,0,0,0,0,0,36
1,0,0,65,65,0,0,0,0,1,0,0,0,0,0,0,36
1,0,0,100,100,0,0,0,0,1,0,0,0,0,0,0,36
1,0,0,85,85,0,0,0,0,1,0,0,0,0,0,0,36
1,0,0,67,67,0,0,0,0,1,0,0,0,0,0,0,36
1,0,0,93,93,0,0,0,0,1,0,0,0,0,0,0,36
1,0,0,100,100,0,0,0,0,1,0,0,0,0,0,0,36
1,0,0,97,97,0,0,0,0,1,0,0,0,0,0,0,36
1,0,0,96,96,0,0,0,0,1,0,0,0,0,0,0,36
1,0,0,82,82,0,0,0,0,1,0,0,0,0,0,0,36
1,0,0,97,97,0,0,0,0,1,0,0,0,0,0,0,36
1,0,0,100,100,0,0,0,0,1,0,0,0,0,0,0,36
1,0,0,90,90,0,0,0,0,1,0,0,0,0,0,0,36
1,0,0,92,92,0,0,0,0,1,0,0,0,0,0,0,36
1,0,0,95,95,0,0,0,0,1,0,0,0,0,0,0,36
1,0,0,87,87,0,0,0,0,1,0,0,0,0,0,0,36
1,66.5,66.6061539059542,83,66.6061539059542,4,6,0,0.14,1,0,0,0,0,0,0,36
1,0,0,100,100,0,0,0,0,1,0,0,0,0,0,0,36
1,0,0,83,83,0,0,0,0,1,0,0,0,0,0,0,36
1,0,0,100,100,0,0,0,0,1,0,0,0,0,0,0,36
1,0,0,100,100,0,0,0,0,1,0,0,0,0,0,0,36
1,0,0,100,100,0,0,0,0,1,0,0,0,0,0,0,36
1,0,0,90,90,0,0,0,0,1,0,0,0,0,0,0,36
1,0,0,88,88,0,0,0,0,1,0,0,0,0,0,0,36
1,0,0,100,100,0,0,0,0,1,0,0,0,0,0,0,36
1,0,0,100,100,0,0,0,0,1,0,0,0,0,0,0,36
1,0,0,81,81,0,0,0,0,1,0,0,0,0,0,0,36
1,0,0,100,100,0,0,0,0,1,0,0,0,0,0,0,36
1,0,0,100,100,0,0,0,0,1,0,0,0,0,0,0,36
1,0,0,99,99,0,0,0,0,1,0,0,0,0,0,0,36
1,0,0,84,84,0,0,0,0,1,0,0,0,0,0,0,36
1,0,0,100,100,0,0,0,0,1,0,0,0,0,0,0,36
1,0,0,100,100,0,0,0,0,1,0,0,0,0,0,0,36
1,0,0,79,79,0,0,0,0,1,0,0,0,0,0,0,36
1,0,0,100,100,0,0,0,0,1,0,0,0,0,0,0,36
1,0,0,87,87,0,0,0,0,1,0,0,0,0,0,0,36
1,0,0,98,98,0,0,0,0,1,0,0,0,0,0,0,36
1,0,0,100,100,0,0,0,0,1,0,0,0,0,0,0,36
1,0,0,92,92,0,0,0,0,1,0,0,0,0,0,0,36
1,0,0,85,85,0,0,0,0,1,0,0,0,0,0,0,36
1,0,0,82,82,0,0,0,0,1,0,0,0,0,0,0,36
1,0,0,94,94,0,0,0,0,1,0,0,0,0,0,0,36
1,0,0,76,76,0,0,0,0,1,0,0,0,0,0,0,36
1,0,0,86,86,0,0,0,0,1,0,0,0,0,0,0,36
1,0,0,69,69,0,0,0,0,1,0,0,0,0,0,0,36
1,0,0,92,92,0,0,0,0,1,0,0,0,0,0,0,36
1,0,0,100,100,0,0,0,0,1,0,0,0,0,0,0,36
2,0,0,88,88,0,0,0,0,1,0,0,0,0,0,1,45
2,0,0,84,84,0,0,0,0,1,0,0,0,0,0,1,45
2,0,0,96,96,0,0,0,0,1,0,0,0,0,0,1,45
2,0,0,89,89,0,0,0,0,1,0,0,0,0,0,1,45
2,90.5,90.9272434297515,91,90.9272434297515,1,6,0,0.14,1,0,0,0,0,0,1,45
2,0,0,92,92,0,0,0,0,1,0,0,0,0,0,1,45
2,0,0,87,87,0,0,0,0,1,0,0,0,0,0,1,45
2,0,0,97,97,0,0,0,0,1,0,0,0,0,0,1,45
2,91.5,95.0149343356851,95,95,3,4,0,0.28,1,0,0,0,0,0,1,45
2,0,0,93,93,0,0,0,0,1,0,0,0,0,0,1,45
2,0,0,85,85,0,0,0,0,1,0,0,0,0,0,1,45
2,0,0,87,87,0,0,0,0,1,0,0,0,0,0,1,45
2,0,0,88,88,0,0,0,0,1,0,0,0,0,0,1,45
2,0,0,97,97,0,0,0,0,1,0,0,0,0,0,1,45
2,0,0,99,99,0,0,0,0,1,0,0,0,0,0,1,45
2,0,0,82,82,0,0,0,0,1,0,0,0,0,0,1,45
2,0,0,88,88,0,0,0,0,1,0,0,0,0,0,1,45
2,0,0,93,93,0,0,0,0,1,0,0,0,0,0,1,45
2,89.5,89.7294165575105,94,89.7294165575105,3,6,0,0.32,1,0,0,0,0,0,1,45
2,0,0,99,99,0,0,0,0,1,0,0,0,0,0,1,45
2,0,0,100,100,0,0,0,0,1,0,0,0,0,0,1,45
2,0,0,82,82,0,0,0,0,1,0,0,0,0,0,1,37
2,97.5,97.7203909593831,100,97.7203909593831,4,6,0,0.28,1,0,0,0,0,0,1,37
2,0,0,65,65,0,0,0,0,1,0,0,0,0,0,1,37
2,0,0,93,93,0,0,0,0,1,0,0,0,0,0,1,37
2,0,0,100,100,0,0,0,0,1,0,0,0,0,0,1,37
2,0,0,93,93,0,0,0,0,1,0,0,0,0,0,1,37
2,0,0,63,63,0,0,0,0,1,0,0,0,0,0,1,37
2,0,0,61,61,0,0,0,0,1,0,0,0,0,0,1,37
2,0,0,67,67,0,0,0,0,1,0,0,0,0,0,1,37
2,0,0,100,100,0,0,0,0,1,0,0,0,0,0,1,37
2,0,0,94,94,0,0,0,0,1,0,0,0,0,0,1,37
2,0,0,59,59,0,0,0,0,1,0,0,0,0,0,1,37
2,0,0,58,58,0,0,0,0,1,0,0,0,0,0,1,37
2,0,0,92,92,0,0,0,0,1,0,0,0,0,0,1,37
2,0,0,76,76,0,0,0,0,1,0,0,0,0,0,1,37
2,0,0,71,71,0,0,0,0,1,0,0,0,0,0,1,37
2,0,0,82,82,0,0,0,0,1,0,0,0,0,0,1,37
2,0,0,100,100,0,0,0,0,1,0,0,0,0,0,1,37
2,0,0,98,98,0,0,0,0,1,0,0,0,0,0,1,37
2,0,0,61,61,0,0,0,0,1,0,0,0,0,0,1,37
2,0,0,82,82,0,0,0,0,1,0,0,0,0,0,1,37
2,0,0,80,80,0,0,0,0,1,0,0,0,0,0,1,37
2,0,0,91,91,0,0,0,0,1,0,0,0,0,0,1,37
2,0,0,84,84,0,0,0,0,1,0,0,0,0,0,1,37
2,0,0,69,69,0,0,0,0,1,0,0,0,0,0,1,37
2,92.5,92.5731300963643,96,92.5731300963643,2,6,0,0.14,1,0,0,0,0,0,1,37
2,0,0,97,97,0,0,0,0,1,0,0,0,0,0,1,37
2,0,0,100,100,0,0,0,0,1,0,0,0,0,0,1,37
2,0,0,97,97,0,0,0,0,1,0,0,0,0,0,1,37
2,0,0,63,63,0,0,0,0,1,0,0,0,0,0,1,37
2,0,0,97,97,0,0,0,0,1,0,0,0,0,0,1,37
2,0,0,78,78,0,0,0,0,1,0,0,0,0,0,1,37
2,0,0,73,73,0,0,0,0,1,0,0,0,0,0,1,37
2,0,0,59,59,0,0,0,0,1,0,0,0,0,0,1,37
2,0,0,97,97,0,0,0,0,1,0,0,0,0,0,1,37
2,0,0,73,73,0,0,0,0,1,0,0,0,0,0,1,37
2,77.5,78.1398905573279,100,78.1398905573279,3,5,0,0.14,1,0,0,0,0,0,1,37
2,0,0,100,100,0,0,0,0,1,0,0,0,0,0,1,37
1,0,0,92,92,0,0,0,0,1,0,0,0,0,0,1,33
1,0,0,98,98,0,0,0,0,1,0,0,0,0,0,1,33
1,0,0,85,85,0,0,0,0,1,0,0,0,0,0,1,33
1,0,0,96,96,0,0,0,0,1,0,0,0,0,0,1,33
1,0,0,94,94,0,0,0,0,1,0,0,0,0,0,1,33
1,0,0,87,87,0,0,0,0,1,0,0,0,0,0,1,33
1,0,0,92,92,0,0,0,0,1,0,0,0,0,0,1,33
1,0,0,93,93,0,0,0,0,1,0,0,0,0,0,1,33
1,0,0,87,87,0,0,0,0,1,0,0,0,0,0,1,33
1,0,0,90,90,0,0,0,0,1,0,0,0,0,0,1,33
1,0,0,100,100,0,0,0,0,1,0,0,0,0,0,1,33
1,0,0,97,97,0,0,0,0,1,0,0,0,0,0,1,33
1,0,0,100,100,0,0,0,0,1,0,0,0,0,0,1,33
1,0,0,78,78,0,0,0,0,1,0,0,0,0,0,1,33
1,0,0,100,100,0,0,0,0,1,0,0,0,0,0,1,33
1,0,0,81,81,0,0,0,0,1,0,0,0,0,0,1,33
1,0,0,97,97,0,0,0,0,1,0,0,0,0,0,1,33
1,0,0,89,89,0,0,0,0,1,0,0,0,0,0,1,33
1,0,0,83,83,0,0,0,0,1,0,0,0,0,0,1,33
1,0,0,91,91,0,0,0,0,1,0,0,0,0,0,1,33
1,0,0,100,100,0,0,0,0,1,0,0,0,0,0,1,33
1,0,0,100,100,0,0,0,0,1,0,0,0,0,0,1,33
1,0,0,80,80,0,0,0,0,1,0,0,0,0,0,1,33
1,0,0,93,93,0,0,0,0,1,0,0,0,0,0,1,33
1,0,0,72,72,0,0,0,0,1,0,0,0,0,0,1,33
1,0,0,92,92,0,0,0,0,1,0,0,0,0,0,1,33
1,0,0,97,97,0,0,0,0,1,0,0,0,0,0,1,33
1,0,0,81,81,0,0,0,0,1,0,0,0,0,0,1,33
1,0,0,68,68,0,0,0,0,1,0,0,0,0,0,1,33
1,0,0,91,91,0,0,0,0,1,0,0,0,0,0,1,33
1,0,0,73,73,0,0,0,0,1,0,0,0,0,0,1,33
1,0,0,97,97,0,0,0,0,1,0,0,0,0,0,1,33
1,0,0,73,73,0,0,0,0,1,0,0,0,0,0,1,33
1,0,0,100,100,0,0,0,0,1,0,0,0,0,0,1,33
1,0,0,100,100,0,0,0,0,1,0,0,0,0,0,1,33
1,0,0,90,90,0,0,0,0,1,0,0,0,0,0,1,33
1,0,0,100,100,0,0,0,0,1,0,0,0,0,0,1,33
1,0,0,76,76,0,0,0,0,1,0,0,0,0,0,1,33
1,0,0,100,100,0,0,0,0,1,0,0,0,0,0,1,33
1,85.5,85.8790381059095,100,85.8790381059095,2,6,0,0.14,1,0,0,0,0,0,1,33
1,0,0,89,89,0,0,0,0,1,0,0,0,0,0,1,33
1,0,0,88,88,0,0,0,0,1,0,0,0,0,0,1,33
1,0,0,99,99,0,0,0,0,1,0,0,0,0,0,1,33
1,0,0,100,100,0,0,0,0,1,0,0,0,0,0,1,33
1,0,0,94,94,0,0,0,0,1,0,0,0,0,0,1,33
1,0,0,100,100,0,0,0,0,1,0,0,0,0,0,1,33
1,0,0,100,100,0,0,0,0,1,0,0,0,0,0,1,33
1,0,0,97,97,0,0,0,0,1,0,0,0,0,0,1,33
1,0,0,98,98,0,0,0,0,1,0,0,0,0,0,1,33
1,0,0,100,100,0,0,0,0,1,0,0,0,0,0,1,33
1,0,0,85,85,0,0,0,0,1,0,0,0,0,0,1,33
1,84.5,86.5861364701118,95,86.5861364701118,2,6,0,0.14,1,0,0,0,0,0,1,33
1,0,0,91,91,0,0,0,0,1,0,0,0,0,0,1,33
1,0,0,100,100,0,0,0,0,1,0,0,0,0,0,1,33
1,0,0,94,94,0,0,0,0,1,0,0,0,0,0,1,33
1,0,0,66,66,0,0,0,0,1,0,0,0,0,0,1,33
1,0,0,87,87,0,0,0,0,1,0,0,0,0,0,1,33
1,0,0,92,92,0,0,0,0,1,0,0,0,0,0,1,33
1,0,0,100,100,0,0,0,0,1,0,0,0,0,0,1,33
1,74.5,74.9181785482918,88,74.9181785482918,4,6,0,0.14,1,0,0,0,0,0,1,33
1,86.5,86.7812036594615,100,86.7812036594615,4,5,0,0.18,1,0,0,0,0,0,1,33
1,0,0,88,88,0,0,0,0,1,0,0,0,0,0,1,33
1,89.5,90.5962263351078,94,90.5962263351078,2,6,0,0.32,1,0,0,0,0,0,1,33
1,0,0,100,100,0,0,0,0,1,0,0,0,0,0,1,33
1,0,0,87,87,0,0,0,0,1,0,0,0,0,0,1,33
1,0,0,65,65,0,0,0,0,1,0,0,0,0,0,1,33
1,0,0,100,100,0,0,0,0,1,0,0,0,0,0,1,33
1,0,0,100,100,0,0,0,0,1,0,0,0,0,0,1,33
1,0,0,63,63,0,0,0,0,1,0,0,0,0,0,1,33
1,0,0,85,85,0,0,0,0,1,0,0,0,0,0,1,33
1,0,0,100,100,0,0,0,0,1,0,0,0,0,0,1,33
1,0,0,83,83,0,0,0,0,1,0,0,0,0,0,1,33
1,0,0,100,100,0,0,0,0,1,0,0,0,0,0,1,33
1,0,0,100,100,0,0,0,0,1,0,0,0,0,0,1,33
1,0,0,87,87,0,0,0,0,1,0,0,0,0,0,1,33
1,0,0,83,83,0,0,0,0,1,0,0,0,0,0,1,33
1,0,0,100,100,0,0,0,0,1,0,0,0,0,0,1,33
1,0,0,99,99,0,0,0,0,1,0,0,0,0,0,1,33
1,0,0,68,68,0,0,0,0,1,0,0,0,0,0,1,33
1,0,0,100,100,0,0,0,0,1,0,0,0,0,0,1,33
1,0,0,82,82,0,0,0,0,1,0,0,0,0,0,1,33
1,0,0,100,100,0,0,0,0,1,0,0,0,0,0,1,33
1,0,0,95,95,0,0,0,0,1,0,0,0,0,0,1,33
1,0,0,100,100,0,0,0,0,1,0,0,0,0,0,1,33
1,0,0,100,100,0,0,0,0,1,0,0,0,0,0,1,33
1,87.5,87.7759957010662,91,87.7759957010662,2,6,0,0.18,1,0,0,0,0,0,1,33
1,0,0,100,100,0,0,0,0,1,0,0,0,0,0,1,33
1,0,0,86,86,0,0,0,0,1,0,0,0,0,0,1,33
1,0,0,100,100,0,0,0,0,1,0,0,0,0,0,1,33
1,0,0,73,73,0,0,0,0,1,0,0,0,0,0,1,33
1,0,0,84,84,0,0,0,0,1,0,0,0,0,0,1,33
1,0,0,100,100,0,0,0,0,1,0,0,0,0,0,1,33
1,75.5,75.9274162020901,100,75.9274162020901,2,6,0,0.18,1,0,0,0,0,0,1,33
1,0,0,99,99,0,0,0,0,1,0,0,0,0,0,1,33
1,87.5,87.9825357760087,100,87.9825357760087,4,6,0,0.14,1,0,0,0,0,0,1,33
1,0,0,71,71,0,0,0,0,1,0,0,0,0,0,1,33
1,0,0,98,98,0,0,0,0,1,0,0,0,0,0,1,33
1,0,0,91,91,0,0,0,0,1,0,0,0,0,0,1,33
1,0,0,94,94,0,0,0,0,1,0,0,0,0,0,1,33
1,0,0,98,98,0,0,0,0,1,0,0,0,0,0,1,33
1,0,0,100,100,0,0,0,0,1,0,0,0,0,0,1,33
1,0,0,92,92,0,0,0,0,1,0,0,0,0,0,1,33
1,83.5,88.4561986700228,95,88.4561986700228,2,1,0,0.18,1,0,0,0,0,0,1,33
2,0,0,76,76,0,0,0,0,1,0,0,0,0,0,1,40
2,0,0,76,76,0,0,0,0,1,0,0,0,0,0,1,40
2,0,0,82,82,0,0,0,0,1,0,0,0,0,0,1,40
2,0,0,79,79,0,0,0,0,1,0,0,0,0,0,1,40
2,0,0,72,72,0,0,0,0,1,0,0,0,0,0,1,40
2,0,0,79,79,0,0,0,0,1,0,0,0,0,0,1,40
2,0,0,79,79,0,0,0,0,1,0,0,0,0,0,1,40
2,0,0,75,75,0,0,0,0,1,0,0,0,0,0,1,40
2,0,0,77,77,0,0,0,0,1,0,0,0,0,0,1,40
2,0,0,71,71,0,0,0,0,1,0,0,0,0,0,1,40
2,0,0,71,71,0,0,0,0,1,0,0,0,0,0,1,40
2,0,0,73,73,0,0,0,0,1,0,0,0,0,0,1,40
2,0,0,71,71,0,0,0,0,1,0,0,0,0,0,1,40
2,0,0,74,74,0,0,0,0,1,0,0,0,0,0,1,40
2,0,0,80,80,0,0,0,0,1,0,0,0,0,0,1,40
2,0,0,72,72,0,0,0,0,1,0,0,0,0,0,1,40
2,0,0,71,71,0,0,0,0,1,0,0,0,0,0,1,40
2,0,0,74,74,0,0,0,0,1,0,0,0,0,0,1,40
2,0,0,80,80,0,0,0,0,1,0,0,0,0,0,1,40
2,0,0,72,72,0,0,0,0,1,0,0,0,0,0,1,40
2,0,0,74,74,0,0,0,0,1,0,0,0,0,0,1,40
2,0,0,71,71,0,0,0,0,1,0,0,0,0,0,1,40
2,0,0,71,71,0,0,0,0,1,0,0,0,0,0,1,40
2,0,0,77,77,0,0,0,0,1,0,0,0,0,0,1,40
2,0,0,77,77,0,0,0,0,1,0,0,0,0,0,1,40
2,0,0,74,74,0,0,0,0,1,0,0,0,0,0,1,40
2,0,0,73,73,0,0,0,0,1,0,0,0,0,0,1,40
2,0,0,71,71,0,0,0,0,1,0,0,0,0,0,1,40
2,0,0,80,80,0,0,0,0,1,0,0,0,0,0,1,40
2,0,0,72,72,0,0,0,0,1,0,0,0,0,0,1,40
2,0,0,100,100,0,0,0,0,1,0,0,0,0,0,1,40
2,0,0,100,100,0,0,0,0,1,0,0,0,0,0,1,40
2,0,0,90,90,0,0,0,0,1,0,0,0,0,0,1,40
2,0,0,100,100,0,0,0,0,1,0,0,0,0,0,1,40
2,0,0,94,94,0,0,0,0,1,0,0,0,0,0,1,40
2,95,0,95,95,2,1,0,0,1,1,0,0,0,0,1,40
2,0,0,100,100,0,0,0,0,1,0,0,0,0,0,1,40
2,0,0,95,95,0,0,0,0,1,0,0,0,0,0,1,40
2,0,0,82,82,0,0,0,0,1,0,0,0,0,0,1,40
2,0,0,90,90,0,0,0,0,1,0,0,0,0,0,1,40
2,0,0,95,95,0,0,0,0,1,0,0,0,0,0,1,40
2,0,0,100,100,0,0,0,0,1,0,0,0,0,0,1,40
2,0,0,100,100,0,0,0,0,1,0,0,0,0,0,1,40
2,0,0,100,100,0,0,0,0,1,0,0,0,0,0,1,40
2,0,0,100,100,0,0,0,0,1,0,0,0,0,0,1,40
2,0,0,100,100,0,0,0,0,1,0,0,0,0,0,1,40
2,0,0,89,89,0,0,0,0,1,0,0,0,0,0,1,40
2,0,0,100,100,0,0,0,0,1,0,0,0,0,0,1,40
2,0,0,91,91,0,0,0,0,1,0,0,0,0,0,1,40
2,0,0,100,100,0,0,0,0,1,0,0,0,0,0,1,40
2,86.5,86.7379268090629,95,86.7379268090629,2,6,0,0.14,1,0,0,0,0,0,1,40
2,0,0,100,100,0,0,0,0,1,0,0,0,0,0,1,40
2,0,0,99,99,0,0,0,0,1,0,0,0,0,0,1,40
2,0,0,85,85,0,0,0,0,1,0,0,0,0,0,1,40
2,0,0,99,99,0,0,0,0,1,0,0,0,0,0,1,40
2,0,0,100,100,0,0,0,0,1,0,0,0,0,0,1,40
2,0,0,100,100,0,0,0,0,1,0,0,0,0,0,1,40
2,0,0,79,79,0,0,0,0,1,0,0,0,0,0,1,40
2,0,0,100,100,0,0,0,0,1,0,0,0,0,0,1,40
2,0,0,100,100,0,0,0,0,1,0,0,0,0,0,1,40
2,0,0,100,100,0,0,0,0,1,0,0,0,0,0,1,40
2,0,0,80,80,0,0,0,0,1,0,0,0,0,0,1,40
2,0,0,100,100,0,0,0,0,1,0,0,0,0,0,1,40
2,0,0,100,100,0,0,0,0,1,0,0,0,0,0,1,40
2,0,0,98,98,0,0,0,0,1,0,0,0,0,0,1,40
2,0,0,100,100,0,0,0,0,1,0,0,0,0,0,1,40
2,0,0,97,97,0,0,0,0,1,0,0,0,0,0,1,40
2,0,0,86,86,0,0,0,0,1,0,0,0,0,0,1,40
2,0,0,100,100,0,0,0,0,1,0,0,0,0,0,1,40
2,0,0,85,85,0,0,0,0,1,0,0,0,0,0,1,40
2,0,0,100,100,0,0,0,0,1,0,0,0,0,0,1,40
2,0,0,90,90,0,0,0,0,1,0,0,0,0,0,1,40
2,0,0,85,85,0,0,0,0,1,0,0,0,0,0,1,40
2,0,0,100,100,0,0,0,0,1,0,0,0,0,0,1,40
2,0,0,85,85,0,0,0,0,1,0,0,0,0,0,1,40
2,0,0,89,89,0,0,0,0,1,0,0,0,0,0,1,40
2,0,0,100,100,0,0,0,0,1,0,0,0,0,0,1,40
2,0,0,100,100,0,0,0,0,1,0,0,0,0,0,1,40
2,0,0,69,69,0,0,0,0,1,0,0,0,0,0,1,40
2,0,0,98,98,0,0,0,0,1,0,0,0,0,0,1,40
2,0,0,93,93,0,0,0,0,1,0,0,0,0,0,1,40
2,0,0,100,100,0,0,0,0,1,0,0,0,0,0,1,40
2,0,0,95,95,0,0,0,0,1,0,0,0,0,0,1,40
2,0,0,100,100,0,0,0,0,1,0,0,0,0,0,1,40
2,0,0,100,100,0,0,0,0,1,0,0,0,0,0,1,40
2,0,0,100,100,0,0,0,0,1,0,0,0,0,0,1,40
2,0,0,80,80,0,0,0,0,1,0,0,0,0,0,1,40
2,0,0,88,88,0,0,0,0,1,0,0,0,0,0,1,40
2,0,0,100,100,0,0,0,0,1,0,0,0,0,0,1,40
2,0,0,94,94,0,0,0,0,1,0,0,0,0,0,1,40
2,0,0,76,76,0,0,0,0,1,0,0,0,0,0,1,40
2,0,0,100,100,0,0,0,0,1,0,0,0,0,0,1,40
2,0,0,100,100,0,0,0,0,1,0,0,0,0,0,1,40
2,0,0,100,100,0,0,0,0,1,0,0,0,0,0,1,40
2,0,0,100,100,0,0,0,0,1,0,0,0,0,0,1,40
2,0,0,95,95,0,0,0,0,1,0,0,0,0,0,1,40
2,0,0,95,95,0,0,0,0,1,0,0,0,0,0,1,40
2,0,0,100,100,0,0,0,0,1,0,0,0,0,0,1,40
2,0,0,90,90,0,0,0,0,1,0,0,0,0,0,1,46
2,0,0,87,87,0,0,0,0,1,0,0,0,0,0,1,46
2,0,0,92,92,0,0,0,0,1,0,0,0,0,0,1,46
2,0,0,89,89,0,0,0,0,1,0,0,0,0,0,1,46
2,0,0,82,82,0,0,0,0,1,0,0,0,0,0,1,46
2,0,0,87,87,0,0,0,0,1,0,0,0,0,0,1,46
2,77.5,77.9089779971427,89,77.9089779971427,1,5,0,0.18,1,0,0,0,0,0,1,46
2,0,0,94,94,0,0,0,0,1,0,0,0,0,0,1,46
2,0,0,75,75,0,0,0,0,1,0,0,0,0,0,1,46
2,74.5,75.0592781577804,95,75.0592781577804,1,6,0,0.14,1,0,0,0,0,0,1,46
2,0,0,73,73,0,0,0,0,1,0,0,0,0,0,1,46
2,0,0,88,88,0,0,0,0,1,0,0,0,0,0,1,46
2,0,0,87,87,0,0,0,0,1,0,0,0,0,0,1,46
2,0,0,85,85,0,0,0,0,1,0,0,0,0,0,1,46
2,0,0,98,98,0,0,0,0,1,0,0,0,0,0,1,46
2,0,0,88,88,0,0,0,0,1,0,0,0,0,0,1,46
2,0,0,74,74,0,0,0,0,1,0,0,0,0,0,1,46
2,0,0,73,73,0,0,0,0,1,0,0,0,0,0,1,46
2,0,0,84,84,0,0,0,0,1,0,0,0,0,0,1,46
2,0,0,93,93,0,0,0,0,1,0,0,0,0,0,1,46
2,0,0,74,74,0,0,0,0,1,0,0,0,0,0,1,46
2,0,0,87,87,0,0,0,0,1,0,0,0,0,0,1,46
2,0,0,73,73,0,0,0,0,1,0,0,0,0,0,1,46
2,0,0,91,91,0,0,0,0,1,0,0,0,0,0,1,46
2,0,0,96,96,0,0,0,0,1,0,0,0,0,0,1,46
2,0,0,78,78,0,0,0,0,1,0,0,0,0,0,1,46
2,0,0,75,75,0,0,0,0,1,0,0,0,0,0,1,46
2,0,0,91,91,0,0,0,0,1,0,0,0,0,0,1,46
2,0,0,99,99,0,0,0,0,1,0,0,0,0,0,1,46
2,0,0,82,82,0,0,0,0,1,0,0,0,0,0,1,46
2,0,0,83,83,0,0,0,0,1,0,0,0,0,0,1,46
2,0,0,94,94,0,0,0,0,1,0,0,0,0,0,1,46
2,81.5,81.9890231430538,99,81.9890231430538,2,2,0,0.14,1,0,0,0,0,0,1,46
2,0,0,83,83,0,0,0,0,1,0,0,0,0,0,1,46
2,0,0,87,87,0,0,0,0,1,0,0,0,0,0,1,46
2,89.5,90.48524298943,91,90.48524298943,4,6,0,0.28,1,0,0,0,0,0,1,46
2,0,0,82,82,0,0,0,0,1,0,0,0,0,0,1,46
2,0,0,79,79,0,0,0,0,1,0,0,0,0,0,1,46
2,75.5,77.0682223397026,76,76,3,1,0,0.18,1,0,0,0,0,0,1,46
2,79.5,100,86,86,2,1,0,0.46,1,0,0,0,0,0,1,46
2,0,0,76,76,0,0,0,0,1,0,0,0,0,0,1,46
2,0,0,82,82,0,0,0,0,1,0,0,0,0,0,1,46
2,0,0,86,86,0,0,0,0,1,0,0,0,0,0,1,46
2,0,0,77,77,0,0,0,0,1,0,0,0,0,0,1,46
2,0,0,84,84,0,0,0,0,1,0,0,0,0,0,1,46
2,0,0,73,73,0,0,0,0,1,0,0,0,0,0,1,46
2,87,0,87,87,2,1,0,0,1,1,0,0,0,0,1,46
2,0,0,73,73,0,0,0,0,1,0,0,0,0,0,1,46
2,0,0,76,76,0,0,0,0,1,0,0,0,0,0,1,46
2,0,0,95,95,0,0,0,0,1,0,0,0,0,0,1,46
2,0,0,77,77,0,0,0,0,1,0,0,0,0,0,1,46
2,0,0,78,78,0,0,0,0,1,0,0,0,0,0,1,46
2,0,0,88,88,0,0,0,0,1,0,0,0,0,0,1,46
2,0,0,82,82,0,0,0,0,1,0,0,0,0,0,1,46
2,0,0,85,85,0,0,0,0,1,0,0,0,0,0,1,46
2,0,0,87,87,0,0,0,0,1,0,0,0,0,0,1,46
2,0,0,82,82,0,0,0,0,1,0,0,0,0,0,1,46
2,0,0,77,77,0,0,0,0,1,0,0,0,0,0,1,46
2,0,0,73,73,0,0,0,0,1,0,0,0,0,0,1,46
2,0,0,78,78,0,0,0,0,1,0,0,0,0,0,1,46
2,0,0,86,86,0,0,0,0,1,0,0,0,0,0,1,46
2,0,0,89,89,0,0,0,0,1,0,0,0,0,0,1,46
2,0,0,78,78,0,0,0,0,1,0,0,0,0,0,1,46
2,77.5,81.0921359417879,80,80,3,2,0,0.28,1,0,1,3.59213594178792,0,0,1,46
2,0,0,73,73,0,0,0,0,1,0,0,0,0,0,1,46
2,0,0,90,90,0,0,0,0,1,0,0,0,0,0,1,46
2,0,0,83,83,0,0,0,0,1,0,0,0,0,0,1,46
2,0,0,79,79,0,0,0,0,1,0,0,0,0,0,1,46
2,0,0,97,97,0,0,0,0,1,0,0,0,0,0,1,46
2,0,0,77,77,0,0,0,0,1,0,0,0,0,0,1,46
2,0,0,91,91,0,0,0,0,1,0,0,0,0,0,1,46
2,0,0,73,73,0,0,0,0,1,0,0,0,0,0,1,46
2,0,0,88,88,0,0,0,0,1,0,0,0,0,0,1,46
2,0,0,86,86,0,0,0,0,1,0,0,0,0,0,1,46
2,0,0,88,88,0,0,0,0,1,0,0,0,0,0,1,46
2,0,0,78,78,0,0,0,0,1,0,0,0,0,0,1,46
2,0,0,74,74,0,0,0,0,1,0,0,0,0,0,1,46
2,0,0,75,75,0,0,0,0,1,0,0,0,0,0,1,46
1,0,0,94,94,0,0,0,0,1,0,0,0,0,0,1,39
1,0,0,82,82,0,0,0,0,1,0,0,0,0,0,1,39
1,0,0,78,78,0,0,0,0,1,0,0,0,0,0,1,39
1,0,0,68,68,0,0,0,0,1,0,0,0,0,0,1,39
1,0,0,82,82,0,0,0,0,1,0,0,0,0,0,1,39
1,0,0,88,88,0,0,0,0,1,0,0,0,0,0,1,39
1,0,0,84,84,0,0,0,0,1,0,0,0,0,0,1,39
1,0,0,85,85,0,0,0,0,1,0,0,0,0,0,1,39
1,0,0,76,76,0,0,0,0,1,0,0,0,0,0,1,39
1,0,0,84,84,0,0,0,0,1,0,0,0,0,0,1,39
1,0,0,81,81,0,0,0,0,1,0,0,0,0,0,1,39
1,0,0,94,94,0,0,0,0,1,0,0,0,0,0,1,39
1,0,0,76,76,0,0,0,0,1,0,0,0,0,0,1,39
1,0,0,73,73,0,0,0,0,1,0,0,0,0,0,1,39
1,0,0,66,66,0,0,0,0,1,0,0,0,0,0,1,39
1,0,0,76,76,0,0,0,0,1,0,0,0,0,0,1,39
1,71.5,100,86,86,2,1,0,0.14,1,0,1,75.5844444740341,0,0,1,39
1,0,0,82,82,0,0,0,0,1,0,0,0,0,0,1,39
1,0,0,99,99,0,0,0,0,1,0,0,0,0,0,1,39
1,0,0,91,91,0,0,0,0,1,0,0,0,0,0,1,39
1,0,0,66,66,0,0,0,0,1,0,0,0,0,0,1,39
1,0,0,88,88,0,0,0,0,1,0,0,0,0,0,1,39
1,86.5,86.5601946756894,87,86.5601946756894,4,6,0,0.28,1,0,0,0,0,0,1,39
1,0,0,67,67,0,0,0,0,1,0,0,0,0,0,1,39
1,0,0,78,78,0,0,0,0,1,0,0,0,0,0,1,39
1,0,0,82,82,0,0,0,0,1,0,0,0,0,0,1,39
1,0,0,87,87,0,0,0,0,1,0,0,0,0,0,1,39
1,0,0,85,85,0,0,0,0,1,0,0,0,0,0,1,39
1,0,0,97,97,0,0,0,0,1,0,0,0,0,0,1,39
1,0,0,67,67,0,0,0,0,1,0,0,0,0,0,1,39
1,0,0,76,76,0,0,0,0,1,0,0,0,0,0,1,39
1,0,0,75,75,0,0,0,0,1,0,0,0,0,0,1,39
1,0,0,74,74,0,0,0,0,1,0,0,0,0,0,1,39
1,0,0,72,72,0,0,0,0,1,0,0,0,0,0,1,39
1,0,0,75,75,0,0,0,0,1,0,0,0,0,0,1,39
1,0,0,88,88,0,0,0,0,1,0,0,0,0,0,1,39
1,0,0,89,89,0,0,0,0,1,0,0,0,0,0,1,39
1,0,0,83,83,0,0,0,0,1,0,0,0,0,0,1,39
1,85.5,86.2891907478417,89,86.2891907478417,1,6,0,0.28,1,0,0,0,0,0,1,39
1,0,0,86,86,0,0,0,0,1,0,0,0,0,0,1,39
1,0,0,77,77,0,0,0,0,1,0,0,0,0,0,1,39
1,0,0,90,90,0,0,0,0,1,0,0,0,0,0,1,39
1,0,0,84,84,0,0,0,0,1,0,0,0,0,0,1,39
1,0,0,86,86,0,0,0,0,1,0,0,0,0,0,1,39
1,0,0,70,70,0,0,0,0,1,0,0,0,0,0,1,39
1,0,0,75,75,0,0,0,0,1,0,0,0,0,0,1,39
1,0,0,77,77,0,0,0,0,1,0,0,0,0,0,1,39
1,0,0,83,83,0,0,0,0,1,0,0,0,0,0,1,39
1,0,0,95,95,0,0,0,0,1,0,0,0,0,0,1,39
1,0,0,76,76,0,0,0,0,1,0,0,0,0,0,1,39
1,0,0,84,84,0,0,0,0,1,0,0,0,0,0,1,39
1,0,0,66,66,0,0,0,0,1,0,0,0,0,0,1,39
1,0,0,87,87,0,0,0,0,1,0,0,0,0,0,1,39
1,0,0,95,95,0,0,0,0,1,0,0,0,0,0,1,39
1,0,0,83,83,0,0,0,0,1,0,0,0,0,0,1,39
1,0,0,74,74,0,0,0,0,1,0,0,0,0,0,1,39
1,0,0,73,73,0,0,0,0,1,0,0,0,0,0,1,39
1,0,0,82,82,0,0,0,0,1,0,0,0,0,0,1,39
1,0,0,92,92,0,0,0,0,1,0,0,0,0,0,1,39
1,0,0,86,86,0,0,0,0,1,0,0,0,0,0,1,39
1,92,0,92,92,2,1,0,0,1,1,0,0,0,0,1,39
1,0,0,78,78,0,0,0,0,1,0,0,0,0,0,1,39
1,0,0,100,100,0,0,0,0,1,0,0,0,0,0,1,39
1,0,0,86,86,0,0,0,0,1,0,0,0,0,0,1,39
1,0,0,89,89,0,0,0,0,1,0,0,0,0,0,1,39
1,0,0,77,77,0,0,0,0,1,0,0,0,0,0,1,39
1,0,0,77,77,0,0,0,0,1,0,0,0,0,0,1,39
1,78.5,80.0947167995204,96,80.0947167995204,3,2,0,0,1,0,0,0,0,0,1,39
1,0,0,78,78,0,0,0,0,1,0,0,0,0,0,1,39
1,0,0,87,87,0,0,0,0,1,0,0,0,0,0,1,39
1,0,0,89,89,0,0,0,0,1,0,0,0,0,0,1,39
1,0,0,73,73,0,0,0,0,1,0,0,0,0,0,1,39
1,0,0,81,81,0,0,0,0,1,0,0,0,0,0,1,39
1,0,0,96,96,0,0,0,0,1,0,0,0,0,0,1,39
1,0,0,92,92,0,0,0,0,1,0,0,0,0,0,1,39
1,0,0,84,84,0,0,0,0,1,0,0,0,0,0,1,39
1,82.5,82.6046561226879,90,82.6046561226879,1,6,0,0.14,1,0,0,0,0,0,1,39
1,0,0,95,95,0,0,0,0,1,0,0,0,0,0,1,39
1,0,0,87,87,0,0,0,0,1,0,0,0,0,0,1,39
1,0,0,87,87,0,0,0,0,1,0,0,0,0,0,1,39
1,0,0,84,84,0,0,0,0,1,0,0,0,0,0,1,39
1,0,0,94,94,0,0,0,0,1,0,0,0,0,0,1,39
1,0,0,71,71,0,0,0,0,1,0,0,0,0,0,1,39
1,0,0,89,89,0,0,0,0,1,0,0,0,0,0,1,39
1,0,0,69,69,0,0,0,0,1,0,0,0,0,0,1,39
1,0,0,80,80,0,0,0,0,1,0,0,0,0,0,1,39
1,0,0,66,66,0,0,0,0,1,0,0,0,0,0,1,39
1,0,0,90,90,0,0,0,0,1,0,0,0,0,0,1,39
1,73.5,77.519698384374,87,77.519698384374,1,6,0,0.18,1,0,0,0,0,0,1,39
1,0,0,71,71,0,0,0,0,1,0,0,0,0,0,1,39
1,0,0,78,78,0,0,0,0,1,0,0,0,0,0,1,39
1,0,0,68,68,0,0,0,0,1,0,0,0,0,0,1,39
1,0,0,81,81,0,0,0,0,1,0,0,0,0,0,1,39
1,0,0,91,91,0,0,0,0,1,0,0,0,0,0,1,39
1,0,0,86,86,0,0,0,0,1,0,0,0,0,0,1,39
1,0,0,91,91,0,0,0,0,1,0,0,0,0,0,1,39
1,0,0,68,68,0,0,0,0,1,0,0,0,0,0,1,39
1,0,0,78,78,0,0,0,0,1,0,0,0,0,0,1,39
1,0,0,75,75,0,0,0,0,1,0,0,0,0,0,1,39
1,0,0,76,76,0,0,0,0,1,0,0,0,0,0,1,39
1,0,0,75,75,0,0,0,0,1,0,0,0,0,0,1,39
1,91.5,91.7522745144685,95,91.7522745144685,2,6,0,0.14,1,0,0,0,0,0,1,39
1,91.5,91.705794184379,94,91.705794184379,4,6,0,0.28,1,0,0,0,0,0,1,39
1,0,0,80,80,0,0,0,0,1,0,0,0,0,0,1,39
1,0,0,85,85,0,0,0,0,1,0,0,0,0,0,1,39
1,0,0,73,73,0,0,0,0,1,0,0,0,0,0,1,39
1,0,0,78,78,0,0,0,0,1,0,0,0,0,0,1,39
1,0,0,77,77,0,0,0,0,1,0,0,0,0,0,1,39
1,0,0,87,87,0,0,0,0,1,0,0,0,0,0,1,39
1,0,0,91,91,0,0,0,0,1,0,0,0,0,0,1,39
1,0,0,76,76,0,0,0,0,1,0,0,0,0,0,1,39
1,0,0,87,87,0,0,0,0,1,0,0,0,0,0,1,39
1,0,0,75,75,0,0,0,0,1,0,0,0,0,0,1,39
1,0,0,70,70,0,0,0,0,1,0,0,0,0,0,1,39
1,0,0,72,72,0,0,0,0,1,0,0,0,0,0,1,39
1,0,0,87,87,0,0,0,0,1,0,0,0,0,0,1,39
1,0,0,82,82,0,0,0,0,1,0,0,0,0,0,1,39
1,0,0,82,82,0,0,0,0,1,0,0,0,0,0,1,39
1,0,0,68,68,0,0,0,0,1,0,0,0,0,0,1,39
1,0,0,86,86,0,0,0,0,1,0,0,0,0,0,1,39
1,0,0,82,82,0,0,0,0,1,0,0,0,0,0,1,39
1,0,0,66,66,0,0,0,0,1,0,0,0,0,0,1,39
1,0,0,90,90,0,0,0,0,1,0,0,0,0,0,1,39
1,80.5,81.169932527624,90,81.169932527624,3,4,0,0.14,1,0,0,0,0,0,1,39
1,0,0,75,75,0,0,0,0,1,0,0,0,0,0,1,39
1,0,0,78,78,0,0,0,0,1,0,0,0,0,0,1,39
1,0,0,89,89,0,0,0,0,1,0,0,0,0,0,1,39
1,0,0,77,77,0,0,0,0,1,0,0,0,0,0,1,39
1,0,0,87,87,0,0,0,0,1,0,0,0,0,0,1,39
1,0,0,73,73,0,0,0,0,1,0,0,0,0,0,1,39
1,0,0,83,83,0,0,0,0,1,0,0,0,0,0,1,39
1,0,0,76,76,0,0,0,0,1,0,0,0,0,0,1,39
1,0,0,81,81,0,0,0,0,1,0,0,0,0,0,1,39
1,0,0,78,78,0,0,0,0,1,0,0,0,0,0,1,39
1,0,0,73,73,0,0,0,0,1,0,0,0,0,0,1,39
1,0,0,92,92,0,0,0,0,1,0,0,0,0,0,1,39
1,0,0,89,89,0,0,0,0,1,0,0,0,0,0,1,39
1,0,0,85,85,0,0,0,0,1,0,0,0,0,0,1,39
1,0,0,98,98,0,0,0,0,1,0,0,0,0,0,1,39
1,0,0,72,72,0,0,0,0,1,0,0,0,0,0,1,39
1,0,0,68,68,0,0,0,0,1,0,0,0,0,0,1,39
1,0,0,98,98,0,0,0,0,1,0,0,0,0,0,1,39
1,0,0,79,79,0,0,0,0,1,0,0,0,0,0,1,39
1,0,0,95,95,0,0,0,0,1,0,0,0,0,0,1,39
1,71.5,80.6640434118707,83,80.6640434118707,4,1,0,0.28,1,0,1,4.58962577201771,0,0,1,39
1,83.5,88.0176881864336,87,87,2,5,0,0.18,1,0,0,0,0,0,1,39
1,0,0,83,83,0,0,0,0,1,0,0,0,0,0,1,39
1,0,0,97,97,0,0,0,0,1,0,0,0,0,0,1,39
1,0,0,88,88,0,0,0,0,1,0,0,0,0,0,1,39
1,0,0,79,79,0,0,0,0,1,0,0,0,0,0,1,39
1,0,0,76,76,0,0,0,0,1,0,0,0,0,0,1,39
1,0,0,76,76,0,0,0,0,1,0,0,0,0,0,1,39
1,0,0,82,82,0,0,0,0,1,0,0,0,0,0,1,39
1,0,0,93,93,0,0,0,0,1,0,0,0,0,0,1,39
1,0,0,70,70,0,0,0,0,1,0,0,0,0,0,1,39
1,0,0,96,96,0,0,0,0,1,0,0,0,0,0,1,39
1,0,0,73,73,0,0,0,0,1,0,0,0,0,0,1,39
1,0,0,93,93,0,0,0,0,1,0,0,0,0,0,1,39
1,0,0,72,72,0,0,0,0,1,0,0,0,0,0,1,39
1,0,0,88,88,0,0,0,0,1,0,0,0,0,0,1,39
1,0,0,71,71,0,0,0,0,1,0,0,0,0,0,1,39
1,0,0,82,82,0,0,0,0,1,0,0,0,0,0,1,39
1,0,0,69,69,0,0,0,0,1,0,0,0,0,0,1,39
1,0,0,85,85,0,0,0,0,1,0,0,0,0,0,1,39
1,0,0,95,95,0,0,0,0,1,0,0,0,0,0,1,39
1,0,0,73,73,0,0,0,0,1,0,0,0,0,0,1,39
2,0,0,85,85,0,0,0,0,0,0,0,0,0,0,0,32
2,0,0,83,83,0,0,0,0,0,0,0,0,0,0,0,32
2,0,0,100,100,0,0,0,0,0,0,0,0,0,0,0,32
2,0,0,86,86,0,0,0,0,0,0,0,0,0,0,0,32
2,85.5,85.5782808536495,100,85.5782808536495,2,6,0,0.14,0,0,0,0,0,0,0,32
2,0,0,100,100,0,0,0,0,0,0,0,0,0,0,0,32
2,81.5,95.5264089401404,94,94,2,1,0,0.18,0,0,0,0,0,0,0,32
2,0,0,94,94,0,0,0,0,0,0,0,0,0,0,0,32
2,0,0,97,97,0,0,0,0,0,0,0,0,0,0,0,32
2,0,0,98,98,0,0,0,0,0,0,0,0,0,0,0,32
2,0,0,91,91,0,0,0,0,0,0,0,0,0,0,0,32
2,0,0,81,81,0,0,0,0,0,0,0,0,0,0,0,32
2,0,0,81,81,0,0,0,0,0,0,0,0,0,0,0,32
2,0,0,72,72,0,0,0,0,0,0,0,0,0,0,0,32
2,0,0,75,75,0,0,0,0,0,0,0,0,0,0,0,32
2,0,0,80,80,0,0,0,0,0,0,0,0,0,0,0,32
2,0,0,100,100,0,0,0,0,0,0,0,0,0,0,0,32
2,0,0,97,97,0,0,0,0,0,0,0,0,0,0,0,32
2,73.5,74.9610535977148,84,74.9610535977148,2,6,0,0.28,0,0,0,0,0,0,0,32
2,0,0,88,88,0,0,0,0,0,0,0,0,0,0,0,32
2,0,0,95,95,0,0,0,0,0,0,0,0,0,0,0,32
2,0,0,92,92,0,0,0,0,0,0,0,0,0,0,0,32
2,0,0,96,96,0,0,0,0,0,0,0,0,0,0,0,32
2,0,0,83,83,0,0,0,0,0,0,0,0,0,0,0,32
2,0,0,99,99,0,0,0,0,0,0,0,0,0,0,0,32
2,0,0,100,100,0,0,0,0,0,0,0,0,0,0,0,32
2,0,0,83,83,0,0,0,0,0,0,0,0,0,0,0,32
2,0,0,100,100,0,0,0,0,0,0,0,0,0,0,0,32
2,0,0,83,83,0,0,0,0,0,0,0,0,0,0,0,32
2,0,0,83,83,0,0,0,0,0,0,0,0,0,0,0,32
2,0,0,76,76,0,0,0,0,0,0,0,0,0,0,0,32
2,0,0,96,96,0,0,0,0,0,0,0,0,0,0,0,32
2,0,0,73,73,0,0,0,0,0,0,0,0,0,0,0,32
2,0,0,71,71,0,0,0,0,0,0,0,0,0,0,0,32
2,0,0,93,93,0,0,0,0,0,0,0,0,0,0,0,32
2,0,0,96,96,0,0,0,0,0,0,0,0,0,0,0,32
2,0,0,90,90,0,0,0,0,0,0,0,0,0,0,0,32
2,0,0,89,89,0,0,0,0,0,0,0,0,0,0,0,32
2,0,0,79,79,0,0,0,0,0,0,0,0,0,0,0,32
2,0,0,61,61,0,0,0,0,0,0,0,0,0,0,0,32
2,0,0,85,85,0,0,0,0,0,0,0,0,0,0,0,32
2,0,0,96,96,0,0,0,0,1,0,0,0,0,0,1,60
2,0,0,77,77,0,0,0,0,1,0,0,0,0,0,1,60
2,87.5,95.2002281020359,89,89,3,1,0,0.18,1,0,0,0,0,0,1,60
2,0,0,81,81,0,0,0,0,1,0,0,0,0,0,1,60
2,0,0,91,91,0,0,0,0,1,0,0,0,0,0,1,60
2,0,0,88,88,0,0,0,0,1,0,0,0,0,0,1,60
2,0,0,80,80,0,0,0,0,1,0,0,0,0,0,1,60
2,0,0,80,80,0,0,0,0,1,0,0,0,0,0,1,60
2,0,0,81,81,0,0,0,0,1,0,0,0,0,0,1,60
2,0,0,91,91,0,0,0,0,1,0,0,0,0,0,1,60
2,0,0,100,100,0,0,0,0,1,0,0,0,0,0,1,60
2,0,0,88,88,0,0,0,0,1,0,0,0,0,0,1,60
2,95.5,95.5837697202502,100,95.5837697202502,4,6,0,0.14,1,0,0,0,0,0,1,60
2,0,0,91,91,0,0,0,0,1,0,0,0,0,0,1,60
2,0,0,100,100,0,0,0,0,1,0,0,0,0,0,1,60
2,80.5,88.5769629890735,100,88.5769629890735,3,2,0,0.32,1,0,1,8.07696298907351,0,0,1,60
2,0,0,100,100,0,0,0,0,1,0,0,0,0,0,1,60
2,0,0,86,86,0,0,0,0,1,0,0,0,0,0,1,60
2,0,0,85,85,0,0,0,0,1,0,0,0,0,0,1,60
2,0,0,97,97,0,0,0,0,1,0,0,0,0,0,1,60
2,0,0,100,100,0,0,0,0,1,0,0,0,0,0,1,60
2,0,0,99,99,0,0,0,0,1,0,0,0,0,0,1,60
2,0,0,90,90,0,0,0,0,1,0,0,0,0,0,1,60
2,0,0,100,100,0,0,0,0,1,0,0,0,0,0,1,60
2,0,0,89,89,0,0,0,0,1,0,0,0,0,0,1,60
2,0,0,79,79,0,0,0,0,1,0,0,0,0,0,1,60
2,0,0,100,100,0,0,0,0,1,0,0,0,0,0,1,60
2,0,0,100,100,0,0,0,0,1,0,0,0,0,0,1,60
2,0,0,100,100,0,0,0,0,1,0,0,0,0,0,1,60
2,75.5,100,85,85,3,2,0,0,1,0,1,0.834980086616662,0,0,1,60
2,0,0,87,87,0,0,0,0,1,0,0,0,0,0,1,60
2,0,0,100,100,0,0,0,0,1,0,0,0,0,0,1,60
2,0,0,95,95,0,0,0,0,1,0,0,0,0,0,1,60
2,0,0,80,80,0,0,0,0,1,0,0,0,0,0,1,60
2,0,0,100,100,0,0,0,0,1,0,0,0,0,0,1,60
2,0,0,92,92,0,0,0,0,1,0,0,0,0,0,1,60
2,0,0,80,80,0,0,0,0,1,0,0,0,0,0,1,60
2,0,0,87,87,0,0,0,0,1,0,0,0,0,0,1,60
2,98.5,98.6587421998787,100,98.6587421998787,2,5,0,0.32,1,0,0,0,0,0,1,60
2,88.5,91.3957636720867,93,91.3957636720867,2,6,0,0.28,1,0,0,0,0,0,1,60
2,0,0,100,100,0,0,0,0,1,0,0,0,0,0,1,60
2,0,0,79,79,0,0,0,0,1,0,0,0,0,0,1,60
2,0,0,89,89,0,0,0,0,1,0,0,0,0,0,1,60
2,0,0,86,86,0,0,0,0,1,0,0,0,0,0,1,60
2,0,0,100,100,0,0,0,0,1,0,0,0,0,0,1,60
2,0,0,100,100,0,0,0,0,1,0,0,0,0,0,1,60
2,0,0,100,100,0,0,0,0,1,0,0,0,0,0,1,60
2,0,0,93,93,0,0,0,0,1,0,0,0,0,0,1,60
2,0,0,90,90,0,0,0,0,1,0,0,0,0,0,1,60
2,0,0,81,81,0,0,0,0,1,0,0,0,0,0,1,60
2,0,0,98,98,0,0,0,0,1,0,0,0,0,0,1,60
2,0,0,93,93,0,0,0,0,1,0,0,0,0,0,1,60
2,0,0,95,95,0,0,0,0,1,0,0,0,0,0,1,60
2,0,0,89,89,0,0,0,0,1,0,0,0,0,0,1,60
2,0,0,80,80,0,0,0,0,1,0,0,0,0,0,1,52
2,0,0,93,93,0,0,0,0,1,0,0,0,0,0,1,52
2,0,0,87,87,0,0,0,0,1,0,0,0,0,0,1,52
2,0,0,86,86,0,0,0,0,1,0,0,0,0,0,1,52
2,0,0,89,89,0,0,0,0,1,0,0,0,0,0,1,52
2,85.5,86.3991977690441,88,86.3991977690441,2,2,0,0.18,1,0,0,0,0,0,1,52
2,0,0,100,100,0,0,0,0,1,0,0,0,0,0,1,52
2,0,0,89,89,0,0,0,0,1,0,0,0,0,0,1,52
2,72.5,100,89,89,2,1,0,0.14,1,0,1,34.9182462833539,0,0,1,52
2,0,0,83,83,0,0,0,0,1,0,0,0,0,0,1,52
2,0,0,80,80,0,0,0,0,1,0,0,0,0,0,1,52
2,0,0,94,94,0,0,0,0,1,0,0,0,0,0,1,52
2,0,0,81,81,0,0,0,0,1,0,0,0,0,0,1,52
2,0,0,98,98,0,0,0,0,1,0,0,0,0,0,1,52
2,0,0,76,76,0,0,0,0,1,0,0,0,0,0,1,52
2,0,0,68,68,0,0,0,0,0,0,0,0,0,0,0,31
2,0,0,93,93,0,0,0,0,0,0,0,0,0,0,0,31
2,0,0,68,68,0,0,0,0,0,0,0,0,0,0,0,31
2,0,0,88,88,0,0,0,0,0,0,0,0,0,0,0,31
2,0,0,89,89,0,0,0,0,0,0,0,0,0,0,0,31
2,0,0,96,96,0,0,0,0,0,0,0,0,0,0,0,31
2,0,0,100,100,0,0,0,0,0,0,0,0,0,0,0,31
2,0,0,65,65,0,0,0,0,0,0,0,0,0,0,0,31
2,0,0,100,100,0,0,0,0,0,0,0,0,0,0,0,31
2,0,0,100,100,0,0,0,0,0,0,0,0,0,0,0,31
2,0,0,100,100,0,0,0,0,0,0,0,0,0,0,0,31
2,0,0,97,97,0,0,0,0,0,0,0,0,0,0,0,31
2,0,0,100,100,0,0,0,0,0,0,0,0,0,0,0,31
2,0,0,94,94,0,0,0,0,0,0,0,0,0,0,0,31
2,0,0,100,100,0,0,0,0,0,0,0,0,0,0,0,31
2,0,0,87,87,0,0,0,0,0,0,0,0,0,0,0,31
2,0,0,100,100,0,0,0,0,0,0,0,0,0,0,0,31
2,0,0,91,91,0,0,0,0,0,0,0,0,0,0,0,31
2,0,0,100,100,0,0,0,0,0,0,0,0,0,0,0,31
2,0,0,68,68,0,0,0,0,0,0,0,0,0,0,0,31
2,0,0,82,82,0,0,0,0,0,0,0,0,0,0,0,31
2,0,0,100,100,0,0,0,0,0,0,0,0,0,0,0,31
1,0,0,86,86,0,0,0,0,1,0,0,0,0,0,1,36
1,0,0,79,79,0,0,0,0,1,0,0,0,0,0,1,36
1,0,0,90,90,0,0,0,0,1,0,0,0,0,0,1,36
1,0,0,77,77,0,0,0,0,1,0,0,0,0,0,1,36
1,0,0,100,100,0,0,0,0,1,0,0,0,0,0,1,36
1,0,0,84,84,0,0,0,0,1,0,0,0,0,0,1,36
1,0,0,81,81,0,0,0,0,1,0,0,0,0,0,1,36
1,0,0,74,74,0,0,0,0,1,0,0,0,0,0,1,36
1,0,0,81,81,0,0,0,0,1,0,0,0,0,0,1,36
1,0,0,85,85,0,0,0,0,1,0,0,0,0,0,1,36
1,77.5,77.6169005613044,90,77.6169005613044,2,6,0,0.32,1,0,0,0,0,0,1,36
1,67.5,68.0229199420894,83,68.0229199420894,1,6,0,0.14,1,0,0,0,0,0,1,36
1,0,0,79,79,0,0,0,0,1,0,0,0,0,0,1,36
1,0,0,93,93,0,0,0,0,1,0,0,0,0,0,1,36
1,0,0,83,83,0,0,0,0,1,0,0,0,0,0,1,36
1,0,0,76,76,0,0,0,0,1,0,0,0,0,0,1,36
1,0,0,91,91,0,0,0,0,1,0,0,0,0,0,1,36
1,0,0,75,75,0,0,0,0,1,0,0,0,0,0,1,36
1,0,0,76,76,0,0,0,0,1,0,0,0,0,0,1,36
1,0,0,85,85,0,0,0,0,1,0,0,0,0,0,1,36
1,0,0,72,72,0,0,0,0,1,0,0,0,0,0,1,36
1,0,0,91,91,0,0,0,0,1,0,0,0,0,0,1,36
1,0,0,73,73,0,0,0,0,1,0,0,0,0,0,1,36
1,0,0,83,83,0,0,0,0,1,0,0,0,0,0,1,36
1,0,0,86,86,0,0,0,0,1,0,0,0,0,0,1,36
1,89,0,89,89,2,1,0,0,1,1,0,0,0,0,1,36
1,0,0,82,82,0,0,0,0,1,0,0,0,0,0,1,36
1,0,0,93,93,0,0,0,0,1,0,0,0,0,0,1,36
1,0,0,75,75,0,0,0,0,1,0,0,0,0,0,1,36
1,0,0,87,87,0,0,0,0,1,0,0,0,0,0,1,36
1,0,0,98,98,0,0,0,0,1,0,0,0,0,0,1,36
1,0,0,91,91,0,0,0,0,1,0,0,0,0,0,1,36
1,0,0,71,71,0,0,0,0,1,0,0,0,0,0,1,36
1,0,0,86,86,0,0,0,0,1,0,0,0,0,0,1,36
1,0,0,73,73,0,0,0,0,1,0,0,0,0,0,1,36
1,0,0,82,82,0,0,0,0,1,0,0,0,0,0,1,36
2,0,0,81,81,0,0,0,0,1,0,0,0,0,0,1,44
2,0,0,97,97,0,0,0,0,1,0,0,0,0,0,1,44
2,0,0,78,78,0,0,0,0,1,0,0,0,0,0,1,44
2,0,0,75,75,0,0,0,0,1,0,0,0,0,0,1,44
2,0,0,74,74,0,0,0,0,1,0,0,0,0,0,1,44
2,0,0,90,90,0,0,0,0,1,0,0,0,0,0,1,44
2,0,0,79,79,0,0,0,0,1,0,0,0,0,0,1,44
2,0,0,79,79,0,0,0,0,1,0,0,0,0,0,1,44
2,0,0,73,73,0,0,0,0,1,0,0,0,0,0,1,44
2,0,0,72,72,0,0,0,0,1,0,0,0,0,0,1,44
2,0,0,85,85,0,0,0,0,1,0,0,0,0,0,1,44
2,0,0,73,73,0,0,0,0,1,0,0,0,0,0,1,44
2,0,0,83,83,0,0,0,0,1,0,0,0,0,0,1,44
2,0,0,81,81,0,0,0,0,1,0,0,0,0,0,1,44
2,0,0,78,78,0,0,0,0,1,0,0,0,0,0,1,44
2,0,0,83,83,0,0,0,0,1,0,0,0,0,0,1,44
2,0,0,77,77,0,0,0,0,1,0,0,0,0,0,1,44
2,0,0,80,80,0,0,0,0,1,0,0,0,0,0,1,44
2,0,0,83,83,0,0,0,0,1,0,0,0,0,0,1,44
2,0,0,74,74,0,0,0,0,1,0,0,0,0,0,1,44
2,0,0,84,84,0,0,0,0,1,0,0,0,0,0,1,44
2,0,0,85,85,0,0,0,0,1,0,0,0,0,0,1,44
2,0,0,87,87,0,0,0,0,1,0,0,0,0,0,1,44
2,0,0,79,79,0,0,0,0,1,0,0,0,0,0,1,44
2,0,0,95,95,0,0,0,0,1,0,0,0,0,0,1,44
2,0,0,83,83,0,0,0,0,1,0,0,0,0,0,1,44
2,0,0,84,84,0,0,0,0,1,0,0,0,0,0,1,44
2,0,0,71,71,0,0,0,0,1,0,0,0,0,0,1,44
2,0,0,88,88,0,0,0,0,1,0,0,0,0,0,1,44
2,0,0,74,74,0,0,0,0,1,0,0,0,0,0,1,44
2,0,0,73,73,0,0,0,0,1,0,0,0,0,0,1,44
2,0,0,72,72,0,0,0,0,1,0,0,0,0,0,1,44
2,0,0,83,83,0,0,0,0,1,0,0,0,0,0,1,44
2,0,0,80,80,0,0,0,0,1,0,0,0,0,0,1,44
2,0,0,86,86,0,0,0,0,1,0,0,0,0,0,1,44
2,0,0,87,87,0,0,0,0,1,0,0,0,0,0,1,44
2,0,0,90,90,0,0,0,0,1,0,0,0,0,0,1,44
2,0,0,81,81,0,0,0,0,1,0,0,0,0,0,1,44
2,0,0,77,77,0,0,0,0,1,0,0,0,0,0,1,44
2,77.5,77.779939738858,79,77.779939738858,2,5,0,0.32,1,0,0,0,0,0,1,44
2,0,0,90,90,0,0,0,0,1,0,0,0,0,0,1,44
2,0,0,72,72,0,0,0,0,1,0,0,0,0,0,1,44
2,0,0,84,84,0,0,0,0,1,0,0,0,0,0,1,44
2,0,0,82,82,0,0,0,0,1,0,0,0,0,0,1,44
2,0,0,76,76,0,0,0,0,1,0,0,0,0,0,1,44
2,80.5,80.5658861583994,84,80.5658861583994,3,5,0,0.18,1,0,0,0,0,0,1,44
2,0,0,73,73,0,0,0,0,1,0,0,0,0,0,1,44
2,0,0,79,79,0,0,0,0,1,0,0,0,0,0,1,44
2,0,0,94,94,0,0,0,0,1,0,0,0,0,0,1,44
2,0,0,76,76,0,0,0,0,1,0,0,0,0,0,1,44
2,0,0,79,79,0,0,0,0,1,0,0,0,0,0,1,44
2,0,0,76,76,0,0,0,0,1,0,0,0,0,0,1,44
2,0,0,83,83,0,0,0,0,1,0,0,0,0,0,1,44
2,0,0,81,81,0,0,0,0,1,0,0,0,0,0,1,44
2,0,0,76,76,0,0,0,0,1,0,0,0,0,0,1,44
2,0,0,93,93,0,0,0,0,1,0,0,0,0,0,1,44
2,0,0,90,90,0,0,0,0,1,0,0,0,0,0,1,44
2,0,0,72,72,0,0,0,0,1,0,0,0,0,0,1,44
2,0,0,76,76,0,0,0,0,1,0,0,0,0,0,1,44
2,0,0,74,74,0,0,0,0,1,0,0,0,0,0,1,44
2,0,0,85,85,0,0,0,0,1,0,0,0,0,0,1,44
2,0,0,77,77,0,0,0,0,1,0,0,0,0,0,1,44
2,0,0,84,84,0,0,0,0,1,0,0,0,0,0,1,44
2,0,0,92,92,0,0,0,0,1,0,0,0,0,0,1,44
2,0,0,86,86,0,0,0,0,1,0,0,0,0,0,1,44
2,0,0,77,77,0,0,0,0,1,0,0,0,0,0,1,44
2,0,0,84,84,0,0,0,0,1,0,0,0,0,0,1,44
2,0,0,84,84,0,0,0,0,1,0,0,0,0,0,1,44
2,0,0,74,74,0,0,0,0,1,0,0,0,0,0,1,44
2,0,0,87,87,0,0,0,0,1,0,0,0,0,0,1,44
2,0,0,85,85,0,0,0,0,1,0,0,0,0,0,1,44
2,0,0,85,85,0,0,0,0,1,0,0,0,0,0,1,49
2,0,0,92,92,0,0,0,0,1,0,0,0,0,0,1,49
2,72.5,73.3682438554299,91,73.3682438554299,1,4,0,0.28,1,0,0,0,0,0,1,49
2,0,0,74,74,0,0,0,0,1,0,0,0,0,0,1,49
2,0,0,79,79,0,0,0,0,1,0,0,0,0,0,1,49
2,0,0,90,90,0,0,0,0,1,0,0,0,0,0,1,49
2,0,0,87,87,0,0,0,0,1,0,0,0,0,0,1,49
2,0,0,85,85,0,0,0,0,1,0,0,0,0,0,1,49
2,82.5,83.3045854181334,100,83.3045854181334,4,4,0,0.32,1,0,0,0,0,0,1,49
2,0,0,77,77,0,0,0,0,1,0,0,0,0,0,1,49
2,0,0,80,80,0,0,0,0,1,0,0,0,0,0,1,49
2,0,0,77,77,0,0,0,0,1,0,0,0,0,0,1,49
2,0,0,93,93,0,0,0,0,1,0,0,0,0,0,1,49
2,0,0,89,89,0,0,0,0,1,0,0,0,0,0,1,49
2,0,0,73,73,0,0,0,0,1,0,0,0,0,0,1,49
2,0,0,95,95,0,0,0,0,1,0,0,0,0,0,1,49
2,0,0,95,95,0,0,0,0,1,0,0,0,0,0,1,49
2,0,0,77,77,0,0,0,0,1,0,0,0,0,0,1,49
2,0,0,87,87,0,0,0,0,1,0,0,0,0,0,1,49
2,0,0,78,78,0,0,0,0,1,0,0,0,0,0,1,49
2,0,0,81,81,0,0,0,0,1,0,0,0,0,0,1,49
2,0,0,90,90,0,0,0,0,1,0,0,0,0,0,1,49
2,82.5,86.9236244823695,86,86,4,4,0,0.28,1,0,0,0,0,0,1,49
2,0,0,81,81,0,0,0,0,1,0,0,0,0,0,1,49
2,0,0,84,84,0,0,0,0,1,0,0,0,0,0,1,49
2,0,0,84,84,0,0,0,0,1,0,0,0,0,0,1,49
2,0,0,87,87,0,0,0,0,1,0,0,0,0,0,1,49
2,0,0,88,88,0,0,0,0,1,0,0,0,0,0,1,49
2,0,0,91,91,0,0,0,0,1,0,0,0,0,0,1,49
2,0,0,92,92,0,0,0,0,1,0,0,0,0,0,1,49
2,0,0,81,81,0,0,0,0,1,0,0,0,0,0,1,49
2,0,0,74,74,0,0,0,0,1,0,0,0,0,0,1,49
2,0,0,86,86,0,0,0,0,1,0,0,0,0,0,1,49
2,0,0,81,81,0,0,0,0,1,0,0,0,0,0,1,49
2,0,0,73,73,0,0,0,0,1,0,0,0,0,0,1,49
2,0,0,96,96,0,0,0,0,1,0,0,0,0,0,1,49
2,0,0,77,77,0,0,0,0,1,0,0,0,0,0,1,49
2,0,0,85,85,0,0,0,0,1,0,0,0,0,0,1,49
2,0,0,91,91,0,0,0,0,1,0,0,0,0,0,1,49
2,0,0,74,74,0,0,0,0,1,0,0,0,0,0,1,49
2,0,0,81,81,0,0,0,0,1,0,0,0,0,0,1,49
2,0,0,100,100,0,0,0,0,1,0,0,0,0,0,1,49
2,0,0,91,91,0,0,0,0,1,0,0,0,0,0,1,49
2,0,0,81,81,0,0,0,0,1,0,0,0,0,0,1,49
2,0,0,79,79,0,0,0,0,1,0,0,0,0,0,1,49
2,0,0,75,75,0,0,0,0,1,0,0,0,0,0,1,49
2,0,0,74,74,0,0,0,0,1,0,0,0,0,0,1,49
2,0,0,88,88,0,0,0,0,1,0,0,0,0,0,1,49
2,0,0,75,75,0,0,0,0,1,0,0,0,0,0,1,49
2,0,0,77,77,0,0,0,0,1,0,0,0,0,0,1,49
2,0,0,79,79,0,0,0,0,1,0,0,0,0,0,1,49
2,0,0,83,83,0,0,0,0,1,0,0,0,0,0,1,49
2,0,0,76,76,0,0,0,0,1,0,0,0,0,0,1,49
2,71.5,99.5752956613334,94,94,4,1,0,0.32,1,0,1,1.60314901075724,0,0,1,49
2,0,0,89,89,0,0,0,0,1,0,0,0,0,0,1,49
2,0,0,78,78,0,0,0,0,1,0,0,0,0,0,1,49
2,0,0,74,74,0,0,0,0,1,0,0,0,0,0,1,49
2,0,0,85,85,0,0,0,0,1,0,0,0,0,0,1,49
2,0,0,82,82,0,0,0,0,1,0,0,0,0,0,1,49
2,0,0,73,73,0,0,0,0,1,0,0,0,0,0,1,49
2,0,0,75,75,0,0,0,0,1,0,0,0,0,0,1,49
2,0,0,92,92,0,0,0,0,1,0,0,0,0,0,1,49
2,0,0,81,81,0,0,0,0,1,0,0,0,0,0,1,49
2,0,0,82,82,0,0,0,0,1,0,0,0,0,0,1,49
2,0,0,80,80,0,0,0,0,1,0,0,0,0,0,1,49
2,0,0,90,90,0,0,0,0,1,0,0,0,0,0,1,49
2,0,0,68,68,0,0,0,0,0,0,0,0,0,0,0,21
2,0,0,74,74,0,0,0,0,0,0,0,0,0,0,0,21
2,0,0,68,68,0,0,0,0,0,0,0,0,0,0,0,21
2,0,0,62,62,0,0,0,0,0,0,0,0,0,0,0,21
2,0,0,77,77,0,0,0,0,0,0,0,0,0,0,0,21
2,0,0,69,69,0,0,0,0,0,0,0,0,0,0,0,21
2,0,0,67,67,0,0,0,0,0,0,0,0,0,0,0,21
2,0,0,65,65,0,0,0,0,0,0,0,0,0,0,0,21
2,0,0,74,74,0,0,0,0,0,0,0,0,0,0,0,21
2,0,0,70,70,0,0,0,0,0,0,0,0,0,0,0,21
2,0,0,81,81,0,0,0,0,0,0,0,0,0,0,0,21
2,0,0,81,81,0,0,0,0,0,0,0,0,0,0,0,21
2,0,0,76,76,0,0,0,0,0,0,0,0,0,0,0,21
2,0,0,70,70,0,0,0,0,0,0,0,0,0,0,0,21
2,0,0,76,76,0,0,0,0,0,0,0,0,0,0,0,21
2,0,0,67,67,0,0,0,0,0,0,0,0,0,0,0,21
2,0,0,75,75,0,0,0,0,0,0,0,0,0,0,0,21
2,0,0,81,81,0,0,0,0,0,0,0,0,0,0,0,21
2,62.5,91.7732932146556,68,68,2,4,0,0.28,0,0,0,0,0,0,0,21
2,0,0,66,66,0,0,0,0,0,0,0,0,0,0,0,21
2,0,0,83,83,0,0,0,0,0,0,0,0,0,0,0,21
2,0,0,63,63,0,0,0,0,0,0,0,0,0,0,0,21
2,0,0,79,79,0,0,0,0,0,0,0,0,0,0,0,21
2,0,0,66,66,0,0,0,0,0,0,0,0,0,0,0,21
2,0,0,66,66,0,0,0,0,0,0,0,0,0,0,0,21
2,0,0,62,62,0,0,0,0,0,0,0,0,0,0,0,21
2,0,0,72,72,0,0,0,0,0,0,0,0,0,0,0,21
2,0,0,66,66,0,0,0,0,0,0,0,0,0,0,0,21
2,0,0,63,63,0,0,0,0,0,0,0,0,0,0,0,21
2,0,0,82,82,0,0,0,0,0,0,0,0,0,0,0,21
2,0,0,76,76,0,0,0,0,0,0,0,0,0,0,0,21
2,0,0,69,69,0,0,0,0,0,0,0,0,0,0,0,21
2,0,0,61,61,0,0,0,0,0,0,0,0,0,0,0,21
2,0,0,63,63,0,0,0,0,0,0,0,0,0,0,0,21
2,0,0,67,67,0,0,0,0,0,0,0,0,0,0,0,21
2,0,0,71,71,0,0,0,0,0,0,0,0,0,0,0,21
2,0,0,69,69,0,0,0,0,0,0,0,0,0,0,0,21
2,0,0,68,68,0,0,0,0,0,0,0,0,0,0,0,21
2,0,0,61,61,0,0,0,0,0,0,0,0,0,0,0,21
2,0,0,81,81,0,0,0,0,0,0,0,0,0,0,0,21
2,0,0,80,80,0,0,0,0,0,0,0,0,0,0,0,21
2,0,0,63,63,0,0,0,0,0,0,0,0,0,0,0,21
2,0,0,76,76,0,0,0,0,0,0,0,0,0,0,0,21
2,0,0,59,59,0,0,0,0,0,0,0,0,0,0,0,21
2,0,0,67,67,0,0,0,0,0,0,0,0,0,0,0,21
2,0,0,67,67,0,0,0,0,0,0,0,0,0,0,0,21
2,0,0,77,77,0,0,0,0,0,0,0,0,0,0,0,21
2,0,0,68,68,0,0,0,0,0,0,0,0,0,0,0,21
2,58.5,59.805874467976,59,59,2,6,0,0.28,0,0,0,0,0,0,0,21
2,0,0,77,77,0,0,0,0,0,0,0,0,0,0,0,21
2,0,0,67,67,0,0,0,0,0,0,0,0,0,0,0,21
2,0,0,84,84,0,0,0,0,0,0,0,0,0,0,0,21
2,0,0,72,72,0,0,0,0,0,0,0,0,0,0,0,21
2,0,0,59,59,0,0,0,0,0,0,0,0,0,0,0,21
2,0,0,72,72,0,0,0,0,0,0,0,0,0,0,0,21
2,0,0,79,79,0,0,0,0,0,0,0,0,0,0,0,21
2,0,0,75,75,0,0,0,0,0,0,0,0,0,0,0,21
2,0,0,80,80,0,0,0,0,0,0,0,0,0,0,0,21
2,0,0,70,70,0,0,0,0,0,0,0,0,0,0,0,21
2,0,0,68,68,0,0,0,0,0,0,0,0,0,0,0,21
2,0,0,78,78,0,0,0,0,0,0,0,0,0,0,0,21
2,0,0,65,65,0,0,0,0,0,0,0,0,0,0,0,21
2,0,0,81,81,0,0,0,0,0,0,0,0,0,0,0,21
2,0,0,82,82,0,0,0,0,0,0,0,0,0,0,0,21
2,0,0,74,74,0,0,0,0,0,0,0,0,0,0,0,21
2,0,0,74,74,0,0,0,0,0,0,0,0,0,0,0,21
2,0,0,75,75,0,0,0,0,0,0,0,0,0,0,0,21
2,0,0,70,70,0,0,0,0,0,0,0,0,0,0,0,21
1,78.5,78.5824737501806,85,78.5824737501806,4,6,0,0.14,1,0,0,0,0,0,1,33
1,0,0,100,100,0,0,0,0,1,0,0,0,0,0,1,33
1,0,0,81,81,0,0,0,0,1,0,0,0,0,0,1,33
1,0,0,91,91,0,0,0,0,1,0,0,0,0,0,1,33
1,0,0,88,88,0,0,0,0,1,0,0,0,0,0,1,33
1,0,0,100,100,0,0,0,0,1,0,0,0,0,0,1,33
1,0,0,100,100,0,0,0,0,1,0,0,0,0,0,1,33
1,0,0,93,93,0,0,0,0,1,0,0,0,0,0,1,33
1,0,0,86,86,0,0,0,0,1,0,0,0,0,0,1,33
1,0,0,93,93,0,0,0,0,1,0,0,0,0,0,1,33
1,0,0,100,100,0,0,0,0,1,0,0,0,0,0,1,33
1,0,0,100,100,0,0,0,0,1,0,0,0,0,0,1,33
1,0,0,97,97,0,0,0,0,1,0,0,0,0,0,1,33
1,0,0,100,100,0,0,0,0,1,0,0,0,0,0,1,33
1,83.5,83.6343998040936,87,83.6343998040936,4,6,0,0.14,1,0,0,0,0,0,1,33
1,0,0,92,92,0,0,0,0,1,0,0,0,0,0,1,33
1,0,0,100,100,0,0,0,0,1,0,0,0,0,0,1,33
1,68.5,100,100,100,2,1,0,0.18,1,0,0,0,0,0,1,33
1,0,0,100,100,0,0,0,0,1,0,0,0,0,0,1,33
1,0,0,97,97,0,0,0,0,1,0,0,0,0,0,1,33
1,0,0,100,100,0,0,0,0,1,0,0,0,0,0,1,33
1,0,0,88,88,0,0,0,0,1,0,0,0,0,0,1,33
1,0,0,93,93,0,0,0,0,1,0,0,0,0,0,1,33
1,0,0,100,100,0,0,0,0,1,0,0,0,0,0,1,33
1,0,0,84,84,0,0,0,0,1,0,0,0,0,0,1,33
1,0,0,78,78,0,0,0,0,1,0,0,0,0,0,1,33
1,0,0,79,79,0,0,0,0,1,0,0,0,0,0,1,33
1,0,0,84,84,0,0,0,0,1,0,0,0,0,0,1,33
1,0,0,100,100,0,0,0,0,1,0,0,0,0,0,1,33
1,0,0,97,97,0,0,0,0,1,0,0,0,0,0,1,33
1,0,0,95,95,0,0,0,0,1,0,0,0,0,0,1,33
1,0,0,97,97,0,0,0,0,1,0,0,0,0,0,1,33
1,0,0,98,98,0,0,0,0,1,0,0,0,0,0,1,33
1,0,0,100,100,0,0,0,0,1,0,0,0,0,0,1,33
1,0,0,100,100,0,0,0,0,1,0,0,0,0,0,1,33
1,0,0,91,91,0,0,0,0,1,0,0,0,0,0,1,33
1,0,0,100,100,0,0,0,0,1,0,0,0,0,0,1,33
1,0,0,94,94,0,0,0,0,1,0,0,0,0,0,1,33
1,0,0,99,99,0,0,0,0,1,0,0,0,0,0,1,33
1,0,0,100,100,0,0,0,0,1,0,0,0,0,0,1,33
1,0,0,93,93,0,0,0,0,1,0,0,0,0,0,1,33
1,0,0,73,73,0,0,0,0,1,0,0,0,0,0,1,33
1,0,0,88,88,0,0,0,0,1,0,0,0,0,0,1,33
1,0,0,100,100,0,0,0,0,1,0,0,0,0,0,1,33
1,0,0,90,90,0,0,0,0,1,0,0,0,0,0,1,33
1,0,0,91,91,0,0,0,0,1,0,0,0,0,0,1,33
1,0,0,100,100,0,0,0,0,1,0,0,0,0,0,1,33
1,0,0,96,96,0,0,0,0,1,0,0,0,0,0,1,33
1,0,0,97,97,0,0,0,0,1,0,0,0,0,0,1,33
1,0,0,99,99,0,0,0,0,1,0,0,0,0,0,1,33
1,0,0,81,81,0,0,0,0,1,0,0,0,0,0,1,33
1,0,0,100,100,0,0,0,0,1,0,0,0,0,0,1,33
1,0,0,93,93,0,0,0,0,1,0,0,0,0,0,1,33
1,0,0,100,100,0,0,0,0,1,0,0,0,0,0,1,33
1,0,0,100,100,0,0,0,0,1,0,0,0,0,0,1,33
1,0,0,97,97,0,0,0,0,1,0,0,0,0,0,1,33
1,0,0,90,90,0,0,0,0,1,0,0,0,0,0,1,33
1,0,0,99,99,0,0,0,0,1,0,0,0,0,0,1,33
1,0,0,100,100,0,0,0,0,1,0,0,0,0,0,1,33
1,0,0,100,100,0,0,0,0,1,0,0,0,0,0,1,33
1,0,0,95,95,0,0,0,0,1,0,0,0,0,0,1,33
1,93.5,94.0047789514158,96,94.0047789514158,1,6,0,0.14,1,0,0,0,0,0,1,33
1,0,0,99,99,0,0,0,0,1,0,0,0,0,0,1,33
1,0,0,100,100,0,0,0,0,1,0,0,0,0,0,1,33
1,0,0,100,100,0,0,0,0,1,0,0,0,0,0,1,33
1,0,0,90,90,0,0,0,0,1,0,0,0,0,0,1,33
1,0,0,95,95,0,0,0,0,1,0,0,0,0,0,1,33
1,0,0,94,94,0,0,0,0,1,0,0,0,0,0,1,33
1,0,0,87,87,0,0,0,0,1,0,0,0,0,0,1,33
1,0,0,100,100,0,0,0,0,1,0,0,0,0,0,1,33
1,0,0,89,89,0,0,0,0,1,0,0,0,0,0,1,33
1,0,0,85,85,0,0,0,0,1,0,0,0,0,0,1,33
1,0,0,92,92,0,0,0,0,1,0,0,0,0,0,1,33
1,0,0,100,100,0,0,0,0,1,0,0,0,0,0,1,33
1,0,0,95,95,0,0,0,0,1,0,0,0,0,0,1,33
1,0,0,85,85,0,0,0,0,1,0,0,0,0,0,1,33
1,0,0,90,90,0,0,0,0,1,0,0,0,0,0,1,33
1,0,0,77,77,0,0,0,0,1,0,0,0,0,0,1,33
1,74.5,75.293818289327,82,75.293818289327,2,6,0,0.28,1,0,0,0,0,0,1,33
2,0,0,86,86,0,0,0,0,1,0,0,0,0,0,1,50
2,0,0,97,97,0,0,0,0,1,0,0,0,0,0,1,50
2,73.5,74.6425392596109,93,74.6425392596109,1,4,0,0.14,1,0,0,0,0,0,1,50
2,0,0,100,100,0,0,0,0,1,0,0,0,0,0,1,50
2,0,0,95,95,0,0,0,0,1,0,0,0,0,0,1,50
2,0,0,85,85,0,0,0,0,1,0,0,0,0,0,1,50
2,71.5,100,89,89,2,1,0,0.18,1,0,1,170.869862222736,0,0,1,50
2,0,0,84,84,0,0,0,0,1,0,0,0,0,0,1,50
2,0,0,99,99,0,0,0,0,1,0,0,0,0,0,1,50
2,0,0,80,80,0,0,0,0,1,0,0,0,0,0,1,50
2,0,0,100,100,0,0,0,0,1,0,0,0,0,0,1,50
2,0,0,100,100,0,0,0,0,1,0,0,0,0,0,1,50
2,0,0,94,94,0,0,0,0,1,0,0,0,0,0,1,50
2,0,0,100,100,0,0,0,0,1,0,0,0,0,0,1,50
2,0,0,74,74,0,0,0,0,1,0,0,0,0,0,1,50
2,0,0,86,86,0,0,0,0,1,0,0,0,0,0,1,50
2,0,0,100,100,0,0,0,0,1,0,0,0,0,0,1,50
2,0,0,75,75,0,0,0,0,1,0,0,0,0,0,1,50
2,0,0,100,100,0,0,0,0,1,0,0,0,0,0,1,50
2,0,0,91,91,0,0,0,0,1,0,0,0,0,0,1,50
2,0,0,100,100,0,0,0,0,1,0,0,0,0,0,1,50
2,81.5,81.8871346416441,86,81.8871346416441,4,1,0,0.18,1,0,0,0,0,0,1,50
2,0,0,84,84,0,0,0,0,1,0,0,0,0,0,1,50
2,0,0,100,100,0,0,0,0,1,0,0,0,0,0,1,50
2,0,0,95,95,0,0,0,0,1,0,0,0,0,0,1,50
2,0,0,100,100,0,0,0,0,1,0,0,0,0,0,1,50
2,0,0,100,100,0,0,0,0,1,0,0,0,0,0,1,50
2,0,0,100,100,0,0,0,0,1,0,0,0,0,0,1,50
2,0,0,79,79,0,0,0,0,1,0,0,0,0,0,1,50
2,0,0,73,73,0,0,0,0,1,0,0,0,0,0,1,50
2,0,0,76,76,0,0,0,0,1,0,0,0,0,0,1,50
2,0,0,78,78,0,0,0,0,1,0,0,0,0,0,1,50
2,67.5,73.1575336170298,100,73.1575336170298,4,1,0,0.28,1,0,1,2.58369706602215,0,0,1,50
2,0,0,98,98,0,0,0,0,1,0,0,0,0,0,1,50
2,0,0,97,97,0,0,0,0,1,0,0,0,0,0,1,50
2,0,0,100,100,0,0,0,0,1,0,0,0,0,0,1,50
2,82.5,83.6227922356387,95,83.6227922356387,2,6,0,0.28,1,0,0,0,0,0,1,50
2,0,0,100,100,0,0,0,0,1,0,0,0,0,0,1,50
2,0,0,89,89,0,0,0,0,1,0,0,0,0,0,1,50
2,0,0,86,86,0,0,0,0,1,0,0,0,0,0,1,50
2,0,0,95,95,0,0,0,0,1,0,0,0,0,0,1,50
2,0,0,89,89,0,0,0,0,1,0,0,0,0,0,1,50
2,0,0,74,74,0,0,0,0,1,0,0,0,0,0,1,50
2,0,0,79,79,0,0,0,0,1,0,0,0,0,0,1,50
2,100,0,100,100,2,1,0,0,1,1,0,0,0,0,1,50
2,0,0,99,99,0,0,0,0,1,0,0,0,0,0,1,50
2,0,0,88,88,0,0,0,0,1,0,0,0,0,0,1,50
2,80.5,81.0083908709531,91,81.0083908709531,1,5,0,0.32,1,0,0,0,0,0,1,50
2,0,0,81,81,0,0,0,0,1,0,0,0,0,0,1,50
2,0,0,87,87,0,0,0,0,1,0,0,0,0,0,1,50
2,71.5,76.1197413334217,82,76.1197413334217,1,2,0,0.14,1,0,1,4.61974133342166,0,0,1,50
2,69.5,93.7286658223448,85,85,2,1,0,0.28,1,0,1,24.2286658223448,0,0,1,50
2,0,0,94,94,0,0,0,0,1,0,0,0,0,0,1,50
2,0,0,98,98,0,0,0,0,1,0,0,0,0,0,1,50
2,0,0,85,85,0,0,0,0,1,0,0,0,0,0,1,50
2,0,0,100,100,0,0,0,0,1,0,0,0,0,0,1,50
2,0,0,87,87,0,0,0,0,1,0,0,0,0,0,1,50
2,0,0,82,82,0,0,0,0,1,0,0,0,0,0,1,50
2,74.5,100,79,79,2,1,0,0.14,1,0,1,52.113995900989,0,0,1,50
2,0,0,92,92,0,0,0,0,1,0,0,0,0,0,1,50
2,0,0,87,87,0,0,0,0,1,0,0,0,0,0,1,50
2,0,0,82,82,0,0,0,0,1,0,0,0,0,0,1,50
2,0,0,83,83,0,0,0,0,1,0,0,0,0,0,1,50
2,0,0,94,94,0,0,0,0,1,0,0,0,0,0,1,50
2,0,0,89,89,0,0,0,0,1,0,0,0,0,0,1,50
2,0,0,100,100,0,0,0,0,1,0,0,0,0,0,1,50
2,91,0,91,91,2,1,0,0,1,1,0,0,0,0,1,50
2,0,0,82,82,0,0,0,0,1,0,0,0,0,0,1,50
2,63.5,77.8419875703045,94,77.8419875703045,2,1,0,0.28,1,0,1,7.8208075271341,0,0,1,50
2,76.5,100,98,98,2,1,0,0,1,0,1,1.77010307435597,0,0,1,50
2,0,0,90,90,0,0,0,0,1,0,0,0,0,0,1,50
2,0,0,82,82,0,0,0,0,1,0,0,0,0,0,1,50
2,0,0,83,83,0,0,0,0,1,0,0,0,0,0,1,50
2,93.5,93.6859462912574,100,93.6859462912574,2,6,0,0.14,1,0,0,0,0,0,1,50
2,0,0,79,79,0,0,0,0,1,0,0,0,0,0,1,50
2,0,0,88,88,0,0,0,0,1,0,0,0,0,0,1,50
2,100,0,100,100,2,1,0,0,1,1,0,0,0,0,1,50
2,0,0,91,91,0,0,0,0,1,0,0,0,0,0,1,50
2,0,0,99,99,0,0,0,0,1,0,0,0,0,0,1,50
2,0,0,82,82,0,0,0,0,1,0,0,0,0,0,1,50
2,0,0,87,87,0,0,0,0,1,0,0,0,0,0,1,50
2,0,0,100,100,0,0,0,0,1,0,0,0,0,0,1,50
2,0,0,89,89,0,0,0,0,1,0,0,0,0,0,1,50
2,0,0,100,100,0,0,0,0,1,0,0,0,0,0,1,50
2,0,0,98,98,0,0,0,0,1,0,0,0,0,0,1,50
2,0,0,84,84,0,0,0,0,1,0,0,0,0,0,1,50
2,90.5,96.4553762929291,92,92,2,3,0,0.32,1,0,0,0,0,0,1,50
2,0,0,75,75,0,0,0,0,1,0,0,0,0,0,1,50
2,0,0,93,93,0,0,0,0,1,0,0,0,0,0,1,50
2,0,0,85,85,0,0,0,0,1,0,0,0,0,0,1,50
2,0,0,97,97,0,0,0,0,1,0,0,0,0,0,1,50
2,0,0,81,81,0,0,0,0,1,0,0,0,0,0,1,50
2,87.5,100,91,91,2,3,0,0.32,1,0,0,0,0,0,1,50
2,0,0,86,86,0,0,0,0,1,0,0,0,0,0,1,50
2,0,0,94,94,0,0,0,0,1,0,0,0,0,0,1,50
2,0,0,100,100,0,0,0,0,1,0,0,0,0,0,1,50
2,0,0,84,84,0,0,0,0,1,0,0,0,0,0,1,50
2,0,0,81,81,0,0,0,0,1,0,0,0,0,0,1,50
2,0,0,80,80,0,0,0,0,1,0,0,0,0,0,1,50
2,0,0,93,93,0,0,0,0,1,0,0,0,0,0,1,50
2,88.5,100,100,100,2,1,0,0.18,1,0,0,0,0,0,1,50
2,0,0,89,89,0,0,0,0,1,0,0,0,0,0,1,50
2,0,0,89,89,0,0,0,0,1,0,0,0,0,0,1,50
2,0,0,100,100,0,0,0,0,1,0,0,0,0,0,1,50
2,0,0,86,86,0,0,0,0,1,0,0,0,0,0,1,50
2,77.5,100,95,95,1,1,0,0.28,1,0,1,62.6532667182076,0,0,1,50
2,0,0,96,96,0,0,0,0,1,0,0,0,0,0,1,50
2,0,0,100,100,0,0,0,0,1,0,0,0,0,0,1,50
2,0,0,87,87,0,0,0,0,1,0,0,0,0,0,1,50
2,0,0,93,93,0,0,0,0,1,0,0,0,0,0,1,50
2,0,0,86,86,0,0,0,0,1,0,0,0,0,0,1,50
2,0,0,98,98,0,0,0,0,1,0,0,0,0,0,1,50
2,0,0,100,100,0,0,0,0,1,0,0,0,0,0,1,50
2,0,0,86,86,0,0,0,0,1,0,0,0,0,0,1,50
2,97.5,97.6621356963847,100,97.6621356963847,2,5,0,0.32,1,0,0,0,0,0,1,50
2,0,0,90,90,0,0,0,0,1,0,0,0,0,0,1,43
2,0,0,100,100,0,0,0,0,1,0,0,0,0,0,1,43
2,0,0,99,99,0,0,0,0,1,0,0,0,0,0,1,43
2,0,0,100,100,0,0,0,0,1,0,0,0,0,0,1,43
2,0,0,100,100,0,0,0,0,1,0,0,0,0,0,1,43
2,0,0,100,100,0,0,0,0,1,0,0,0,0,0,1,43
2,85.5,85.6446684260852,100,85.6446684260852,3,6,0,0.14,1,0,0,0,0,0,1,43
2,0,0,97,97,0,0,0,0,1,0,0,0,0,0,1,43
2,0,0,72,72,0,0,0,0,1,0,0,0,0,0,1,43
2,0,0,100,100,0,0,0,0,1,0,0,0,0,0,1,43
2,0,0,100,100,0,0,0,0,1,0,0,0,0,0,1,43
2,0,0,100,100,0,0,0,0,1,0,0,0,0,0,1,43
2,0,0,100,100,0,0,0,0,1,0,0,0,0,0,1,43
2,0,0,100,100,0,0,0,0,1,0,0,0,0,0,1,43
2,0,0,96,96,0,0,0,0,1,0,0,0,0,0,1,43
2,0,0,100,100,0,0,0,0,1,0,0,0,0,0,1,43
2,0,0,100,100,0,0,0,0,1,0,0,0,0,0,1,43
2,0,0,100,100,0,0,0,0,1,0,0,0,0,0,1,43
2,0,0,96,96,0,0,0,0,1,0,0,0,0,0,1,43
2,0,0,77,77,0,0,0,0,1,0,0,0,0,0,1,43
2,0,0,80,80,0,0,0,0,1,0,0,0,0,0,1,43
2,0,0,97,97,0,0,0,0,1,0,0,0,0,0,1,43
2,0,0,100,100,0,0,0,0,1,0,0,0,0,0,1,43
2,0,0,94,94,0,0,0,0,1,0,0,0,0,0,1,43
2,0,0,90,90,0,0,0,0,1,0,0,0,0,0,1,43
2,0,0,98,98,0,0,0,0,1,0,0,0,0,0,1,43
2,95.5,95.8829408573803,99,95.8829408573803,2,6,0,0.14,1,0,0,0,0,0,1,43
2,0,0,78,78,0,0,0,0,1,0,0,0,0,0,1,43
2,0,0,100,100,0,0,0,0,1,0,0,0,0,0,1,43
2,84.5,100,100,100,3,1,0,0.18,1,0,0,0,0,0,1,43
2,0,0,78,78,0,0,0,0,1,0,0,0,0,0,1,43
2,0,0,87,87,0,0,0,0,1,0,0,0,0,0,1,43
2,0,0,88,88,0,0,0,0,1,0,0,0,0,0,1,43
2,0,0,89,89,0,0,0,0,1,0,0,0,0,0,1,43
2,0,0,76,76,0,0,0,0,1,0,0,0,0,0,1,43
2,0,0,94,94,0,0,0,0,1,0,0,0,0,0,1,43
2,0,0,94,94,0,0,0,0,1,0,0,0,0,0,1,43
2,0,0,89,89,0,0,0,0,1,0,0,0,0,0,1,43
2,0,0,93,93,0,0,0,0,1,0,0,0,0,0,1,43
2,0,0,95,95,0,0,0,0,1,0,0,0,0,0,1,43
2,88.5,93.9368775938287,100,93.9368775938287,1,4,0,0.28,1,0,0,0,0,0,1,43
2,0,0,92,92,0,0,0,0,1,0,0,0,0,0,1,43
2,0,0,76,76,0,0,0,0,1,0,0,0,0,0,1,43
2,0,0,73,73,0,0,0,0,1,0,0,0,0,0,1,43
2,66.5,100,100,100,2,1,0,0.18,1,0,1,150.101478835674,0,0,1,43
2,0,0,90,90,0,0,0,0,1,0,0,0,0,0,1,43
2,0,0,100,100,0,0,0,0,1,0,0,0,0,0,1,43
2,0,0,89,89,0,0,0,0,1,0,0,0,0,0,1,43
2,0,0,97,97,0,0,0,0,1,0,0,0,0,0,1,43
2,0,0,100,100,0,0,0,0,1,0,0,0,0,0,1,43
2,0,0,99,99,0,0,0,0,1,0,0,0,0,0,1,43
2,0,0,80,80,0,0,0,0,1,0,0,0,0,0,1,43
2,0,0,76,76,0,0,0,0,1,0,0,0,0,0,1,43
2,0,0,95,95,0,0,0,0,1,0,0,0,0,0,1,43
1,84.5,85.3513580738135,93,85.3513580738135,1,6,0,0.28,1,0,0,0,0,0,1,57
1,0,0,84,84,0,0,0,0,1,0,0,0,0,0,1,57
1,0,0,95,95,0,0,0,0,1,0,0,0,0,0,1,57
1,0,0,100,100,0,0,0,0,1,0,0,0,0,0,1,57
1,0,0,93,93,0,0,0,0,1,0,0,0,0,0,1,57
1,0,0,93,93,0,0,0,0,1,0,0,0,0,0,1,57
1,76.5,77.1259608396963,89,77.1259608396963,1,5,0,0.18,1,0,0,0,0,0,1,57
1,0,0,98,98,0,0,0,0,1,0,0,0,0,0,1,57
1,0,0,81,81,0,0,0,0,1,0,0,0,0,0,1,57
1,0,0,91,91,0,0,0,0,1,0,0,0,0,0,1,57
1,0,0,77,77,0,0,0,0,1,0,0,0,0,0,1,57
1,0,0,90,90,0,0,0,0,1,0,0,0,0,0,1,57
1,0,0,77,77,0,0,0,0,1,0,0,0,0,0,1,57
1,0,0,81,81,0,0,0,0,1,0,0,0,0,0,1,57
1,73.5,85.1744480943225,90,85.1744480943225,3,1,0,0.18,1,0,1,11.6744480943225,0,0,1,57
1,0,0,77,77,0,0,0,0,1,0,0,0,0,0,1,57
1,0,0,92,92,0,0,0,0,1,0,0,0,0,0,1,57
1,0,0,87,87,0,0,0,0,1,0,0,0,0,0,1,57
1,84.5,84.7241668348203,91,84.7241668348203,1,6,0,0.14,1,0,0,0,0,0,1,57
1,71.5,78.7256774245391,82,78.7256774245391,3,1,0,0,1,0,1,2.29265009027513,0,0,1,57
1,0,0,79,79,0,0,0,0,1,0,0,0,0,0,1,57
1,0,0,77,77,0,0,0,0,1,0,0,0,0,0,1,57
1,83.5,92.7233962938757,89,89,4,1,0,0.18,1,0,0,0,0,0,1,57
1,0,0,85,85,0,0,0,0,1,0,0,0,0,0,1,57
1,92.5,92.6095095911843,94,92.6095095911843,4,5,0,0.32,1,0,0,0,0,0,1,57
1,0,0,90,90,0,0,0,0,1,0,0,0,0,0,1,57
1,0,0,92,92,0,0,0,0,1,0,0,0,0,0,1,57
1,0,0,95,95,0,0,0,0,1,0,0,0,0,0,1,57
1,80.5,82.0585053745397,88,82.0585053745397,3,4,0,0.14,1,0,1,1.07173991848194,0,0,1,57
1,0,0,84,84,0,0,0,0,1,0,0,0,0,0,1,57
1,0,0,86,86,0,0,0,0,1,0,0,0,0,0,1,57
1,77.5,0,80,80,2,1,0,0,1,1,1,0,0,0,1,57
1,0,0,86,86,0,0,0,0,1,0,0,0,0,0,1,57
1,0,0,96,96,0,0,0,0,1,0,0,0,0,0,1,57
1,0,0,85,85,0,0,0,0,1,0,0,0,0,0,1,57
1,92.5,92.6899372372083,93,92.6899372372083,3,6,0,0.28,1,0,0,0,0,0,1,57
1,0,0,79,79,0,0,0,0,1,0,0,0,0,0,1,57
1,81.5,81.5611962704325,94,81.5611962704325,4,3,0,0.18,1,0,0,0,0,0,1,57
1,0,0,81,81,0,0,0,0,1,0,0,0,0,0,1,57
1,0,0,87,87,0,0,0,0,1,0,0,0,0,0,1,57
1,0,0,100,100,0,0,0,0,1,0,0,0,0,0,1,57
1,0,0,82,82,0,0,0,0,1,0,0,0,0,0,1,57
1,0,0,97,97,0,0,0,0,1,0,0,0,0,0,1,57
1,0,0,90,90,0,0,0,0,1,0,0,0,0,0,1,57
1,78.5,93.8838293375888,88,88,2,1,0,0.28,1,0,1,15.3838293375888,0,0,1,57
1,0,0,100,100,0,0,0,0,1,0,0,0,0,0,1,57
1,0,0,83,83,0,0,0,0,1,0,0,0,0,0,1,57
1,0,0,86,86,0,0,0,0,1,0,0,0,0,0,1,57
1,0,0,87,87,0,0,0,0,1,0,0,0,0,0,1,57
1,76.5,79.2498161621724,89,79.2498161621724,4,4,0,0.28,1,0,0,0,0,0,1,57
1,0,0,77,77,0,0,0,0,1,0,0,0,0,0,1,57
1,0,0,86,86,0,0,0,0,1,0,0,0,0,0,1,57
1,0,0,78,78,0,0,0,0,1,0,0,0,0,0,1,57
1,88.5,99.6768143876062,94,94,4,1,0,0.32,1,0,0,0,0,0,1,57
1,0,0,91,91,0,0,0,0,1,0,0,0,0,0,1,57
1,0,0,82,82,0,0,0,0,1,0,0,0,0,0,1,57
1,0,0,89,89,0,0,0,0,1,0,0,0,0,0,1,57
1,0,0,78,78,0,0,0,0,1,0,0,0,0,0,1,57
1,0,0,92,92,0,0,0,0,1,0,0,0,0,0,1,57
1,0,0,90,90,0,0,0,0,1,0,0,0,0,0,1,57
1,0,0,98,98,0,0,0,0,1,0,0,0,0,0,1,57
1,0,0,88,88,0,0,0,0,1,0,0,0,0,0,1,57
1,0,0,90,90,0,0,0,0,1,0,0,0,0,0,1,57
1,0,0,100,100,0,0,0,0,1,0,0,0,0,0,1,57
1,0,0,86,86,0,0,0,0,1,0,0,0,0,0,1,57
1,77.5,80.7770758362897,83,80.7770758362897,4,1,0,0.18,1,0,1,2.18449875956948,0,0,1,57
1,0,0,97,97,0,0,0,0,1,0,0,0,0,0,1,57
1,0,0,76,76,0,0,0,0,1,0,0,0,0,0,1,57
1,78.5,79.2633543303505,97,79.2633543303505,1,5,0,0,1,0,0,0,0,0,1,57
1,0,0,99,99,0,0,0,0,1,0,0,0,0,0,1,57
1,0,0,76,76,0,0,0,0,1,0,0,0,0,0,1,57
1,0,0,76,76,0,0,0,0,1,0,0,0,0,0,1,57
1,77.5,79.1628587069955,94,79.1628587069955,1,5,0,0.28,1,0,1,0.13261679102003,0,0,1,57
1,87,0,87,87,2,1,0,0,1,1,0,0,0,0,1,57
1,0,0,86,86,0,0,0,0,1,0,0,0,0,0,1,57
1,77.5,100,96,96,4,1,0,0.14,1,0,1,30.0880818264267,0,0,1,57
1,0,0,90,90,0,0,0,0,1,0,0,0,0,0,1,57
1,0,0,77,77,0,0,0,0,1,0,0,0,0,0,1,57
1,0,0,78,78,0,0,0,0,1,0,0,0,0,0,1,57
1,0,0,83,83,0,0,0,0,1,0,0,0,0,0,1,57
1,0,0,89,89,0,0,0,0,1,0,0,0,0,0,1,57
1,0,0,83,83,0,0,0,0,1,0,0,0,0,0,1,57
1,0,0,86,86,0,0,0,0,1,0,0,0,0,0,1,57
1,0,0,81,81,0,0,0,0,1,0,0,0,0,0,1,57
1,0,0,87,87,0,0,0,0,1,0,0,0,0,0,1,57
1,0,0,95,95,0,0,0,0,1,0,0,0,0,0,1,57
1,0,0,87,87,0,0,0,0,1,0,0,0,0,0,1,57
1,0,0,76,76,0,0,0,0,1,0,0,0,0,0,1,57
1,0,0,86,86,0,0,0,0,1,0,0,0,0,0,1,57
1,78.5,82.5907924177452,95,82.5907924177452,4,4,0,0.14,1,0,1,4.0907924177452,0,0,1,57
1,0,0,89,89,0,0,0,0,1,0,0,0,0,0,1,57
1,0,0,76,76,0,0,0,0,1,0,0,0,0,0,1,57
1,0,0,82,82,0,0,0,0,1,0,0,0,0,0,1,57
1,0,0,95,95,0,0,0,0,1,0,0,0,0,0,1,57
1,80.5,81.6988876411275,96,81.6988876411275,1,2,0,0.18,1,0,1,0.171419966595759,0,0,1,57
1,0,0,83,83,0,0,0,0,1,0,0,0,0,0,1,57
1,0,0,90,90,0,0,0,0,1,0,0,0,0,0,1,57
1,0,0,79,79,0,0,0,0,1,0,0,0,0,0,1,57
1,0,0,82,82,0,0,0,0,1,0,0,0,0,0,1,57
1,0,0,79,79,0,0,0,0,1,0,0,0,0,0,1,57
1,0,0,83,83,0,0,0,0,1,0,0,0,0,0,1,57
1,0,0,76,76,0,0,0,0,1,0,0,0,0,0,1,57
1,0,0,80,80,0,0,0,0,1,0,0,0,0,0,1,57
1,0,0,77,77,0,0,0,0,1,0,0,0,0,0,1,57
1,0,0,98,98,0,0,0,0,1,0,0,0,0,0,1,57
1,0,0,87,87,0,0,0,0,1,0,0,0,0,0,1,57
1,0,0,98,98,0,0,0,0,1,0,0,0,0,0,1,57
1,0,0,79,79,0,0,0,0,1,0,0,0,0,0,1,57
1,0,0,76,76,0,0,0,0,1,0,0,0,0,0,1,57
1,89.5,90.2847219429407,94,90.2847219429407,4,4,0,0.28,1,0,0,0,0,0,1,57
1,0,0,88,88,0,0,0,0,1,0,0,0,0,0,1,57
1,0,0,82,82,0,0,0,0,1,0,0,0,0,0,1,57
1,0,0,85,85,0,0,0,0,1,0,0,0,0,0,1,57
1,0,0,89,89,0,0,0,0,1,0,0,0,0,0,1,57
1,0,0,76,76,0,0,0,0,1,0,0,0,0,0,1,57
1,0,0,84,84,0,0,0,0,1,0,0,0,0,0,1,57
1,0,0,86,86,0,0,0,0,1,0,0,0,0,0,1,57
1,0,0,92,92,0,0,0,0,1,0,0,0,0,0,1,57
1,0,0,92,92,0,0,0,0,1,0,0,0,0,0,1,57
1,96.5,97.8231153737033,100,97.8231153737033,3,1,0,0.18,1,0,0,0,0,0,1,57
1,77.5,77.5859221224214,90,77.5859221224214,4,6,0,0.14,1,0,0,0,0,0,1,57
1,88.5,100,97,97,3,3,0,0.32,1,0,0,0,0,0,1,57
2,0,0,75,75,0,0,0,0,1,0,0,0,0,0,1,36
2,0,0,77,77,0,0,0,0,1,0,0,0,0,0,1,36
2,0,0,76,76,0,0,0,0,1,0,0,0,0,0,1,36
2,0,0,78,78,0,0,0,0,1,0,0,0,0,0,1,36
2,0,0,62,62,0,0,0,0,1,0,0,0,0,0,1,36
2,0,0,83,83,0,0,0,0,1,0,0,0,0,0,1,36
2,0,0,68,68,0,0,0,0,1,0,0,0,0,0,1,36
2,0,0,78,78,0,0,0,0,1,0,0,0,0,0,1,36
2,80.5,99.7195482187362,86,86,2,3,0,0.46,1,0,0,0,0,0,1,36
2,0,0,72,72,0,0,0,0,1,0,0,0,0,0,1,36
2,0,0,83,83,0,0,0,0,1,0,0,0,0,0,1,36
2,0,0,70,70,0,0,0,0,1,0,0,0,0,0,1,36
2,0,0,86,86,0,0,0,0,1,0,0,0,0,0,1,36
2,0,0,75,75,0,0,0,0,1,0,0,0,0,0,1,36
2,77.5,79.5385706551037,81,79.5385706551037,4,5,0,0.18,1,0,0,0,0,0,1,36
2,78.5,80.419117388106,88,80.419117388106,1,6,0,0.14,1,0,0,0,0,0,1,36
2,78,0,78,78,2,1,0,0,1,1,0,0,0,0,1,36
2,0,0,72,72,0,0,0,0,1,0,0,0,0,0,1,36
2,0,0,75,75,0,0,0,0,1,0,0,0,0,0,1,36
2,0,0,83,83,0,0,0,0,1,0,0,0,0,0,1,36
2,0,0,76,76,0,0,0,0,1,0,0,0,0,0,1,36
2,0,0,69,69,0,0,0,0,1,0,0,0,0,0,1,36
2,0,0,62,62,0,0,0,0,1,0,0,0,0,0,1,36
2,0,0,68,68,0,0,0,0,1,0,0,0,0,0,1,36
2,0,0,75,75,0,0,0,0,1,0,0,0,0,0,1,36
2,0,0,67,67,0,0,0,0,1,0,0,0,0,0,1,36
2,0,0,76,76,0,0,0,0,1,0,0,0,0,0,1,36
2,0,0,74,74,0,0,0,0,1,0,0,0,0,0,1,36
2,0,0,69,69,0,0,0,0,1,0,0,0,0,0,1,36
2,76.5,79.423323216351,100,79.423323216351,2,5,0,0.18,1,0,0,0,0,0,1,36
2,0,0,80,80,0,0,0,0,1,0,0,0,0,0,1,36
2,0,0,83,83,0,0,0,0,1,0,0,0,0,0,1,36
2,0,0,91,91,0,0,0,0,1,0,0,0,0,0,1,36
2,0,0,82,82,0,0,0,0,1,0,0,0,0,0,1,36
2,0,0,66,66,0,0,0,0,1,0,0,0,0,0,1,36
2,0,0,73,73,0,0,0,0,1,0,0,0,0,0,1,36
2,0,0,77,77,0,0,0,0,1,0,0,0,0,0,1,36
2,0,0,76,76,0,0,0,0,1,0,0,0,0,0,1,36
2,0,0,78,78,0,0,0,0,1,0,0,0,0,0,1,36
2,0,0,74,74,0,0,0,0,1,0,0,0,0,0,1,36
1,0,0,82,82,0,0,0,0,1,0,0,0,0,0,1,54
1,70.5,0,77,77,2,1,0,0,1,1,1,0,0,0,1,54
1,0,0,79,79,0,0,0,0,1,0,0,0,0,0,1,54
1,0,0,77,77,0,0,0,0,1,0,0,0,0,0,1,54
1,0,0,80,80,0,0,0,0,1,0,0,0,0,0,1,54
1,75.5,80.1168046410046,86,80.1168046410046,2,1,0,0.14,1,0,1,4.61680464100456,0,0,1,54
1,0,0,88,88,0,0,0,0,1,0,0,0,0,0,1,54
1,0,0,79,79,0,0,0,0,1,0,0,0,0,0,1,54
1,0,0,87,87,0,0,0,0,1,0,0,0,0,0,1,54
1,0,0,88,88,0,0,0,0,1,0,0,0,0,0,1,54
1,0,0,87,87,0,0,0,0,1,0,0,0,0,0,1,54
1,0,0,77,77,0,0,0,0,1,0,0,0,0,0,1,54
1,0,0,80,80,0,0,0,0,1,0,0,0,0,0,1,54
1,0,0,86,86,0,0,0,0,1,0,0,0,0,0,1,54
1,0,0,85,85,0,0,0,0,1,0,0,0,0,0,1,54
1,0,0,77,77,0,0,0,0,1,0,0,0,0,0,1,54
1,0,0,89,89,0,0,0,0,1,0,0,0,0,0,1,54
1,0,0,84,84,0,0,0,0,1,0,0,0,0,0,1,54
1,0,0,77,77,0,0,0,0,1,0,0,0,0,0,1,54
1,86,0,86,86,2,1,0,0,1,1,0,0,0,0,1,54
1,0,0,81,81,0,0,0,0,1,0,0,0,0,0,1,54
1,0,0,80,80,0,0,0,0,1,0,0,0,0,0,1,54
1,0,0,83,83,0,0,0,0,1,0,0,0,0,0,1,54
1,0,0,79,79,0,0,0,0,1,0,0,0,0,0,1,54
1,0,0,81,81,0,0,0,0,1,0,0,0,0,0,1,54
1,0,0,85,85,0,0,0,0,1,0,0,0,0,0,1,54
1,0,0,84,84,0,0,0,0,1,0,0,0,0,0,1,54
1,0,0,79,79,0,0,0,0,1,0,0,0,0,0,1,54
1,0,0,79,79,0,0,0,0,1,0,0,0,0,0,1,54
1,0,0,78,78,0,0,0,0,1,0,0,0,0,0,1,54
1,0,0,86,86,0,0,0,0,1,0,0,0,0,0,1,54
1,0,0,92,92,0,0,0,0,1,0,0,0,0,0,1,54
1,0,0,85,85,0,0,0,0,1,0,0,0,0,0,1,54
1,0,0,80,80,0,0,0,0,1,0,0,0,0,0,1,54
1,0,0,80,80,0,0,0,0,1,0,0,0,0,0,1,54
1,0,0,80,80,0,0,0,0,1,0,0,0,0,0,1,54
1,0,0,93,93,0,0,0,0,1,0,0,0,0,0,1,54
1,76.5,100,81,81,3,1,0,0.18,1,0,0,0,0,0,1,54
1,0,0,88,88,0,0,0,0,1,0,0,0,0,0,1,54
1,0,0,84,84,0,0,0,0,1,0,0,0,0,0,1,54
1,0,0,85,85,0,0,0,0,1,0,0,0,0,0,1,54
1,0,0,78,78,0,0,0,0,1,0,0,0,0,0,1,54
1,0,0,77,77,0,0,0,0,1,0,0,0,0,0,1,54
1,0,0,83,83,0,0,0,0,1,0,0,0,0,0,1,54
1,0,0,77,77,0,0,0,0,1,0,0,0,0,0,1,54
1,0,0,81,81,0,0,0,0,1,0,0,0,0,0,1,54
1,0,0,81,81,0,0,0,0,1,0,0,0,0,0,1,54
1,0,0,77,77,0,0,0,0,1,0,0,0,0,0,1,54
1,0,0,87,87,0,0,0,0,1,0,0,0,0,0,1,54
1,0,0,84,84,0,0,0,0,1,0,0,0,0,0,1,54
1,0,0,81,81,0,0,0,0,1,0,0,0,0,0,1,54
1,0,0,84,84,0,0,0,0,1,0,0,0,0,0,1,54
1,0,0,81,81,0,0,0,0,1,0,0,0,0,0,1,54
1,0,0,78,78,0,0,0,0,1,0,0,0,0,0,1,54
1,0,0,92,92,0,0,0,0,1,0,0,0,0,0,1,54
1,0,0,80,80,0,0,0,0,1,0,0,0,0,0,1,54
1,0,0,78,78,0,0,0,0,1,0,0,0,0,0,1,54
1,78.5,79.2366083192579,79,79,4,6,0,0.14,1,0,0,0,0,0,1,54
1,0,0,78,78,0,0,0,0,1,0,0,0,0,0,1,54
1,0,0,92,92,0,0,0,0,1,0,0,0,0,0,1,54
1,0,0,80,80,0,0,0,0,1,0,0,0,0,0,1,54
1,0,0,80,80,0,0,0,0,1,0,0,0,0,0,1,54
1,0,0,77,77,0,0,0,0,1,0,0,0,0,0,1,54
1,0,0,88,88,0,0,0,0,1,0,0,0,0,0,1,54
1,0,0,78,78,0,0,0,0,1,0,0,0,0,0,1,54
1,0,0,81,81,0,0,0,0,1,0,0,0,0,0,1,54
1,0,0,87,87,0,0,0,0,1,0,0,0,0,0,1,36
1,0,0,83,83,0,0,0,0,1,0,0,0,0,0,1,36
1,0,0,85,85,0,0,0,0,1,0,0,0,0,0,1,36
1,0,0,90,90,0,0,0,0,1,0,0,0,0,0,1,36
1,0,0,87,87,0,0,0,0,1,0,0,0,0,0,1,36
1,0,0,79,79,0,0,0,0,1,0,0,0,0,0,1,36
1,0,0,100,100,0,0,0,0,1,0,0,0,0,0,1,36
1,82.5,82.5729178561542,97,82.5729178561542,1,6,0,0.14,1,0,0,0,0,0,1,36
1,0,0,100,100,0,0,0,0,1,0,0,0,0,0,1,36
1,0,0,100,100,0,0,0,0,1,0,0,0,0,0,1,36
1,0,0,70,70,0,0,0,0,1,0,0,0,0,0,1,36
1,0,0,100,100,0,0,0,0,1,0,0,0,0,0,1,36
1,0,0,100,100,0,0,0,0,1,0,0,0,0,0,1,36
1,87.5,89.858061994025,100,89.858061994025,1,6,0,0.32,1,0,0,0,0,0,1,36
1,0,0,65,65,0,0,0,0,1,0,0,0,0,0,1,36
1,0,0,100,100,0,0,0,0,1,0,0,0,0,0,1,36
1,0,0,97,97,0,0,0,0,1,0,0,0,0,0,1,36
1,0,0,95,95,0,0,0,0,1,0,0,0,0,0,1,36
1,0,0,90,90,0,0,0,0,1,0,0,0,0,0,1,36
1,0,0,91,91,0,0,0,0,1,0,0,0,0,0,1,36
1,0,0,74,74,0,0,0,0,1,0,0,0,0,0,1,36
1,0,0,94,94,0,0,0,0,1,0,0,0,0,0,1,36
1,0,0,100,100,0,0,0,0,1,0,0,0,0,0,1,36
1,0,0,88,88,0,0,0,0,1,0,0,0,0,0,1,36
1,0,0,86,86,0,0,0,0,1,0,0,0,0,0,1,36
1,0,0,100,100,0,0,0,0,1,0,0,0,0,0,1,36
1,0,0,95,95,0,0,0,0,1,0,0,0,0,0,1,36
1,0,0,91,91,0,0,0,0,1,0,0,0,0,0,1,36
1,0,0,95,95,0,0,0,0,1,0,0,0,0,0,1,36
1,0,0,73,73,0,0,0,0,1,0,0,0,0,0,1,36
1,79.5,79.7524006477239,82,79.7524006477239,4,6,0,0.28,1,0,0,0,0,0,1,36
1,88.5,91.8351161861969,90,90,4,6,0,0.28,1,0,0,0,0,0,1,36
1,0,0,90,90,0,0,0,0,1,0,0,0,0,0,1,36
1,0,0,77,77,0,0,0,0,1,0,0,0,0,0,1,36
1,0,0,91,91,0,0,0,0,1,0,0,0,0,0,1,36
1,0,0,83,83,0,0,0,0,1,0,0,0,0,0,1,36
1,0,0,79,79,0,0,0,0,1,0,0,0,0,0,1,36
1,0,0,82,82,0,0,0,0,1,0,0,0,0,0,1,36
1,0,0,97,97,0,0,0,0,1,0,0,0,0,0,1,36
1,0,0,92,92,0,0,0,0,1,0,0,0,0,0,1,36
1,0,0,100,100,0,0,0,0,1,0,0,0,0,0,1,36
1,0,0,87,87,0,0,0,0,1,0,0,0,0,0,1,36
1,0,0,100,100,0,0,0,0,1,0,0,0,0,0,1,36
1,0,0,89,89,0,0,0,0,1,0,0,0,0,0,1,36
1,0,0,100,100,0,0,0,0,1,0,0,0,0,0,1,36
1,0,0,79,79,0,0,0,0,1,0,0,0,0,0,1,36
1,0,0,91,91,0,0,0,0,1,0,0,0,0,0,1,36
1,72.5,72.6487853736406,97,72.6487853736406,3,6,0,0.32,1,0,0,0,0,0,1,36
1,0,0,95,95,0,0,0,0,1,0,0,0,0,0,1,36
1,0,0,100,100,0,0,0,0,1,0,0,0,0,0,1,36
1,0,0,77,77,0,0,0,0,1,0,0,0,0,0,1,36
1,0,0,91,91,0,0,0,0,1,0,0,0,0,0,1,36
1,0,0,95,95,0,0,0,0,1,0,0,0,0,0,1,36
1,0,0,79,79,0,0,0,0,1,0,0,0,0,0,1,36
1,0,0,100,100,0,0,0,0,1,0,0,0,0,0,1,36
1,0,0,92,92,0,0,0,0,1,0,0,0,0,0,1,36
1,0,0,87,87,0,0,0,0,1,0,0,0,0,0,1,36
1,0,0,94,94,0,0,0,0,1,0,0,0,0,0,1,36
1,0,0,77,77,0,0,0,0,1,0,0,0,0,0,1,36
1,0,0,91,91,0,0,0,0,1,0,0,0,0,0,1,36
1,0,0,81,81,0,0,0,0,1,0,0,0,0,0,1,36
1,75.5,100,90,90,3,4,0,0.14,1,0,0,0,0,0,1,36
1,0,0,73,73,0,0,0,0,1,0,0,0,0,0,1,36
1,0,0,100,100,0,0,0,0,1,0,0,0,0,0,1,36
1,0,0,58,58,0,0,0,0,1,0,0,0,0,0,1,36
1,0,0,96,96,0,0,0,0,1,0,0,0,0,0,1,36
1,0,0,87,87,0,0,0,0,1,0,0,0,0,0,1,36
1,0,0,71,71,0,0,0,0,1,0,0,0,0,0,1,36
1,0,0,100,100,0,0,0,0,1,0,0,0,0,0,1,36
1,0,0,100,100,0,0,0,0,1,0,0,0,0,0,1,36
1,0,0,73,73,0,0,0,0,1,0,0,0,0,0,1,36
1,0,0,59,59,0,0,0,0,1,0,0,0,0,0,1,36
1,0,0,100,100,0,0,0,0,1,0,0,0,0,0,1,36
1,0,0,100,100,0,0,0,0,1,0,0,0,0,0,1,36
1,0,0,82,82,0,0,0,0,1,0,0,0,0,0,1,36
1,0,0,100,100,0,0,0,0,1,0,0,0,0,0,1,36
1,0,0,66,66,0,0,0,0,1,0,0,0,0,0,1,36
1,0,0,98,98,0,0,0,0,1,0,0,0,0,0,1,36
1,0,0,100,100,0,0,0,0,1,0,0,0,0,0,1,36
1,0,0,71,71,0,0,0,0,1,0,0,0,0,0,1,36
1,0,0,87,87,0,0,0,0,1,0,0,0,0,0,1,36
1,0,0,100,100,0,0,0,0,1,0,0,0,0,0,1,36
1,0,0,72,72,0,0,0,0,1,0,0,0,0,0,1,36
1,0,0,98,98,0,0,0,0,1,0,0,0,0,0,1,36
1,0,0,85,85,0,0,0,0,1,0,0,0,0,0,1,36
1,0,0,91,91,0,0,0,0,1,0,0,0,0,0,1,36
1,0,0,94,94,0,0,0,0,1,0,0,0,0,0,1,36
1,0,0,87,87,0,0,0,0,1,0,0,0,0,0,1,36
1,0,0,92,92,0,0,0,0,1,0,0,0,0,0,1,36
1,0,0,85,85,0,0,0,0,1,0,0,0,0,0,1,36
1,0,0,74,74,0,0,0,0,1,0,0,0,0,0,1,36
1,0,0,84,84,0,0,0,0,1,0,0,0,0,0,1,36
1,0,0,100,100,0,0,0,0,1,0,0,0,0,0,1,36
1,0,0,100,100,0,0,0,0,1,0,0,0,0,0,1,36
1,0,0,73,73,0,0,0,0,1,0,0,0,0,0,1,36
1,0,0,75,75,0,0,0,0,1,0,0,0,0,0,1,36
1,0,0,76,76,0,0,0,0,1,0,0,0,0,0,1,36
1,0,0,100,100,0,0,0,0,1,0,0,0,0,0,1,36
1,0,0,91,91,0,0,0,0,1,0,0,0,0,0,1,36
1,0,0,79,79,0,0,0,0,1,0,0,0,0,0,1,45
1,0,0,74,74,0,0,0,0,1,0,0,0,0,0,1,45
1,0,0,74,74,0,0,0,0,1,0,0,0,0,0,1,45
1,0,0,74,74,0,0,0,0,1,0,0,0,0,0,1,45
1,0,0,84,84,0,0,0,0,1,0,0,0,0,0,1,45
1,0,0,80,80,0,0,0,0,1,0,0,0,0,0,1,45
1,0,0,75,75,0,0,0,0,1,0,0,0,0,0,1,45
1,0,0,78,78,0,0,0,0,1,0,0,0,0,0,1,45
1,0,0,79,79,0,0,0,0,1,0,0,0,0,0,1,45
1,0,0,85,85,0,0,0,0,1,0,0,0,0,0,1,45
1,0,0,76,76,0,0,0,0,1,0,0,0,0,0,1,45
1,0,0,83,83,0,0,0,0,1,0,0,0,0,0,1,45
1,0,0,76,76,0,0,0,0,1,0,0,0,0,0,1,45
1,0,0,82,82,0,0,0,0,1,0,0,0,0,0,1,45
1,0,0,76,76,0,0,0,0,1,0,0,0,0,0,1,45
1,0,0,77,77,0,0,0,0,1,0,0,0,0,0,1,45
1,0,0,82,82,0,0,0,0,1,0,0,0,0,0,1,45
1,0,0,84,84,0,0,0,0,1,0,0,0,0,0,1,45
1,0,0,83,83,0,0,0,0,1,0,0,0,0,0,1,45
1,0,0,76,76,0,0,0,0,1,0,0,0,0,0,1,45
1,78.5,78.6937602924325,80,78.6937602924325,4,2,0,0.18,1,0,0,0,0,0,1,45
1,0,0,83,83,0,0,0,0,1,0,0,0,0,0,1,45
1,0,0,74,74,0,0,0,0,1,0,0,0,0,0,1,45
1,0,0,82,82,0,0,0,0,1,0,0,0,0,0,1,45
1,0,0,78,78,0,0,0,0,1,0,0,0,0,0,1,45
1,0,0,75,75,0,0,0,0,1,0,0,0,0,0,1,45
1,0,0,74,74,0,0,0,0,1,0,0,0,0,0,1,45
1,0,0,84,84,0,0,0,0,1,0,0,0,0,0,1,45
1,0,0,86,86,0,0,0,0,1,0,0,0,0,0,1,45
1,0,0,78,78,0,0,0,0,1,0,0,0,0,0,1,45
1,0,0,79,79,0,0,0,0,1,0,0,0,0,0,1,45
1,0,0,78,78,0,0,0,0,1,0,0,0,0,0,1,45
1,0,0,79,79,0,0,0,0,1,0,0,0,0,0,1,50
1,0,0,88,88,0,0,0,0,1,0,0,0,0,0,1,50
1,66.5,100,87,87,2,1,0,0.14,1,0,1,2.95576829410912,0,0,1,50
1,0,0,82,82,0,0,0,0,1,0,0,0,0,0,1,50
1,63.5,67.7821498304262,86,67.7821498304262,4,1,0,0,1,0,1,1.23108503130017,0,0,1,50
1,0,0,95,95,0,0,0,0,1,0,0,0,0,0,1,50
1,74.5,78.28536505034,88,78.28536505034,3,3,0,0.18,1,0,0,0,0,0,1,50
1,0,0,76,76,0,0,0,0,1,0,0,0,0,0,1,50
1,0,0,87,87,0,0,0,0,1,0,0,0,0,0,1,50
1,0,0,78,78,0,0,0,0,1,0,0,0,0,0,1,50
1,0,0,73,73,0,0,0,0,1,0,0,0,0,0,1,50
1,0,0,67,67,0,0,0,0,1,0,0,0,0,0,1,50
1,0,0,77,77,0,0,0,0,1,0,0,0,0,0,1,50
1,0,0,75,75,0,0,0,0,1,0,0,0,0,0,1,50
1,0,0,87,87,0,0,0,0,1,0,0,0,0,0,1,50
1,0,0,86,86,0,0,0,0,1,0,0,0,0,0,1,50
1,0,0,72,72,0,0,0,0,1,0,0,0,0,0,1,50
1,0,0,88,88,0,0,0,0,1,0,0,0,0,0,1,50
1,0,0,66,66,0,0,0,0,1,0,0,0,0,0,1,50
1,0,0,100,100,0,0,0,0,1,0,0,0,0,0,1,50
1,0,0,82,82,0,0,0,0,1,0,0,0,0,0,1,50
1,0,0,92,92,0,0,0,0,1,0,0,0,0,0,1,50
1,0,0,94,94,0,0,0,0,1,0,0,0,0,0,1,50
1,0,0,97,97,0,0,0,0,1,0,0,0,0,0,1,50
1,0,0,88,88,0,0,0,0,1,0,0,0,0,0,1,50
1,77.5,92.0108338349685,92,92,2,1,0,0.18,1,0,1,14.5108338349685,0,0,1,50
1,0,0,76,76,0,0,0,0,1,0,0,0,0,0,1,50
1,66.5,67.075983599738,77,67.075983599738,1,6,0,0.28,1,0,0,0,0,0,1,50
1,0,0,83,83,0,0,0,0,1,0,0,0,0,0,1,50
1,0,0,66,66,0,0,0,0,1,0,0,0,0,0,1,50
1,0,0,94,94,0,0,0,0,1,0,0,0,0,0,1,50
1,0,0,73,73,0,0,0,0,1,0,0,0,0,0,1,50
1,0,0,73,73,0,0,0,0,1,0,0,0,0,0,1,50
1,94.5,94.5463910042192,100,94.5463910042192,2,6,0,0.14,1,0,0,0,0,0,1,50
1,0,0,68,68,0,0,0,0,1,0,0,0,0,0,1,50
1,0,0,73,73,0,0,0,0,1,0,0,0,0,0,1,50
1,0,0,80,80,0,0,0,0,1,0,0,0,0,0,1,50
1,0,0,83,83,0,0,0,0,1,0,0,0,0,0,1,50
1,0,0,68,68,0,0,0,0,1,0,0,0,0,0,1,50
1,0,0,70,70,0,0,0,0,1,0,0,0,0,0,1,50
1,0,0,79,79,0,0,0,0,1,0,0,0,0,0,1,50
1,0,0,81,81,0,0,0,0,1,0,0,0,0,0,1,50
1,0,0,70,70,0,0,0,0,1,0,0,0,0,0,1,50
1,0,0,86,86,0,0,0,0,1,0,0,0,0,0,1,50
1,81.5,83.1847137205405,89,83.1847137205405,2,6,0,0,1,0,0,0,0,0,1,50
1,0,0,74,74,0,0,0,0,1,0,0,0,0,0,1,50
1,0,0,90,90,0,0,0,0,1,0,0,0,0,0,1,50
1,0,0,78,78,0,0,0,0,1,0,0,0,0,0,1,50
1,0,0,82,82,0,0,0,0,1,0,0,0,0,0,1,50
1,0,0,69,69,0,0,0,0,1,0,0,0,0,0,1,50
1,0,0,69,69,0,0,0,0,1,0,0,0,0,0,1,50
1,0,0,76,76,0,0,0,0,1,0,0,0,0,0,1,50
1,0,0,77,77,0,0,0,0,1,0,0,0,0,0,1,50
1,0,0,90,90,0,0,0,0,1,0,0,0,0,0,1,50
1,0,0,70,70,0,0,0,0,1,0,0,0,0,0,1,50
1,0,0,92,92,0,0,0,0,1,0,0,0,0,0,1,50
1,0,0,91,91,0,0,0,0,1,0,0,0,0,0,1,50
1,70.5,71.7348925751829,92,71.7348925751829,3,2,0,0.18,1,0,0,0,0,0,1,50
1,88.5,89.8183627264249,96,89.8183627264249,4,6,0,0.14,1,0,0,0,0,0,1,50
1,0,0,70,70,0,0,0,0,1,0,0,0,0,0,1,50
1,0,0,76,76,0,0,0,0,1,0,0,0,0,0,1,50
1,69,69,91,69,4,4,0,0.18,1,0,1,0,1,0,1,50
1,0,0,70,70,0,0,0,0,1,0,0,0,0,0,1,50
1,0,0,90,90,0,0,0,0,1,0,0,0,0,0,1,50
1,0,0,86,86,0,0,0,0,1,0,0,0,0,0,1,50
1,0,0,67,67,0,0,0,0,1,0,0,0,0,0,1,50
1,75.5,76.5723122863717,86,76.5723122863717,4,4,0,0.14,1,0,1,0.645753501545732,0,0,1,50
1,0,0,69,69,0,0,0,0,1,0,0,0,0,0,1,50
1,0,0,73,73,0,0,0,0,1,0,0,0,0,0,1,50
1,66.5,97.3582371606767,92,92,2,1,0,0.18,1,0,1,30.8582371606767,0,0,1,50
1,0,0,77,77,0,0,0,0,1,0,0,0,0,0,1,50
1,0,0,75,75,0,0,0,0,1,0,0,0,0,0,1,50
1,0,0,74,74,0,0,0,0,1,0,0,0,0,0,1,50
1,0,0,71,71,0,0,0,0,1,0,0,0,0,0,1,50
1,0,0,66,66,0,0,0,0,1,0,0,0,0,0,1,50
1,0,0,70,70,0,0,0,0,1,0,0,0,0,0,1,50
1,0,0,92,92,0,0,0,0,1,0,0,0,0,0,1,50
1,0,0,81,81,0,0,0,0,1,0,0,0,0,0,1,50
1,0,0,85,85,0,0,0,0,1,0,0,0,0,0,1,50
1,0,0,85,85,0,0,0,0,1,0,0,0,0,0,1,50
1,0,0,90,90,0,0,0,0,1,0,0,0,0,0,1,50
1,0,0,72,72,0,0,0,0,1,0,0,0,0,0,1,50
1,68.5,100,76,76,2,1,0,0.32,1,0,1,104.481242536395,0,0,1,50
1,0,0,74,74,0,0,0,0,1,0,0,0,0,0,1,50
1,0,0,77,77,0,0,0,0,1,0,0,0,0,0,1,50
1,68.5,100,88,88,2,1,0,0.18,1,0,1,31.526480055968,0,0,1,50
1,0,0,75,75,0,0,0,0,1,0,0,0,0,0,1,50
1,0,0,86,86,0,0,0,0,1,0,0,0,0,0,1,50
1,0,0,69,69,0,0,0,0,1,0,0,0,0,0,1,50
1,0,0,72,72,0,0,0,0,1,0,0,0,0,0,1,50
1,0,0,83,83,0,0,0,0,1,0,0,0,0,0,1,50
1,0,0,85,85,0,0,0,0,1,0,0,0,0,0,1,50
1,0,0,87,87,0,0,0,0,1,0,0,0,0,0,1,50
1,0,0,82,82,0,0,0,0,1,0,0,0,0,0,1,50
1,0,0,67,67,0,0,0,0,1,0,0,0,0,0,1,50
1,0,0,88,88,0,0,0,0,1,0,0,0,0,0,1,50
1,0,0,71,71,0,0,0,0,1,0,0,0,0,0,1,50
1,89,0,89,89,2,1,0,0,1,1,0,0,0,0,1,50
1,88.5,88.5302252163242,91,88.5302252163242,2,5,0,0.18,1,0,0,0,0,0,1,50
1,0,0,89,89,0,0,0,0,1,0,0,0,0,0,1,50
1,0,0,67,67,0,0,0,0,1,0,0,0,0,0,1,50
1,97.5,100,100,100,2,6,0,0.14,1,0,0,0,0,0,1,50
1,0,0,90,90,0,0,0,0,1,0,0,0,0,0,1,50
1,0,0,91,91,0,0,0,0,1,0,0,0,0,0,1,50
1,66.5,68.6987476497574,91,68.6987476497574,4,4,0,0.28,1,0,1,0.118849433304924,0,0,1,50
1,0,0,69,69,0,0,0,0,1,0,0,0,0,0,1,50
1,0,0,84,84,0,0,0,0,1,0,0,0,0,0,1,50
1,78.5,79.1025459411057,90,79.1025459411057,4,6,0,0,1,0,0,0,0,0,1,50
1,0,0,74,74,0,0,0,0,1,0,0,0,0,0,1,50
1,0,0,71,71,0,0,0,0,1,0,0,0,0,0,1,50
1,0,0,91,91,0,0,0,0,1,0,0,0,0,0,1,50
1,0,0,69,69,0,0,0,0,1,0,0,0,0,0,1,50
1,0,0,85,85,0,0,0,0,1,0,0,0,0,0,1,50
1,0,0,69,69,0,0,0,0,1,0,0,0,0,0,1,50
1,0,0,84,84,0,0,0,0,1,0,0,0,0,0,1,50
1,0,0,72,72,0,0,0,0,1,0,0,0,0,0,1,50
1,71.5,72.2568898130805,72,72,3,2,0,0.18,1,0,0,0,0,0,1,50
1,0,0,68,68,0,0,0,0,1,0,0,0,0,0,1,50
1,0,0,76,76,0,0,0,0,1,0,0,0,0,0,1,50
1,0,0,74,74,0,0,0,0,1,0,0,0,0,0,1,50
1,65.5,100,91,91,2,1,0,0.18,1,0,1,40.6086071590901,0,0,1,50
1,0,0,68,68,0,0,0,0,1,0,0,0,0,0,1,50
1,66.5,77.1654589358209,82,77.1654589358209,2,3,0,0.28,1,0,1,10.6654589358209,0,0,1,50
1,0,0,73,73,0,0,0,0,1,0,0,0,0,0,1,50
1,0,0,94,94,0,0,0,0,1,0,0,0,0,0,1,50
1,0,0,85,85,0,0,0,0,1,0,0,0,0,0,1,50
1,69.5,69.6279259629794,78,69.6279259629794,4,5,0,0.28,1,0,1,0.127925962979434,0,0,1,50
1,77.5,83.2547631566563,92,83.2547631566563,3,1,0,0.28,1,0,1,2.0077830490511,0,0,1,50
1,0,0,67,67,0,0,0,0,1,0,0,0,0,0,1,50
1,0,0,85,85,0,0,0,0,1,0,0,0,0,0,1,50
1,0,0,76,76,0,0,0,0,1,0,0,0,0,0,1,50
1,88,0,88,88,2,1,0,0,1,1,0,0,0,0,1,50
1,0,0,78,78,0,0,0,0,1,0,0,0,0,0,1,50
1,0,0,66,66,0,0,0,0,1,0,0,0,0,0,1,50
1,0,0,91,91,0,0,0,0,1,0,0,0,0,0,1,50
1,86.5,92.9642508993854,88,88,2,2,0,0.18,1,0,0,0,0,0,1,50
1,0,0,92,92,0,0,0,0,1,0,0,0,0,0,1,50
1,0,0,72,72,0,0,0,0,1,0,0,0,0,0,1,50
1,0,0,78,78,0,0,0,0,1,0,0,0,0,0,1,50
1,0,0,92,92,0,0,0,0,1,0,0,0,0,0,1,50
1,0,0,85,85,0,0,0,0,1,0,0,0,0,0,1,50
1,0,0,84,84,0,0,0,0,1,0,0,0,0,0,1,50
1,0,0,84,84,0,0,0,0,1,0,0,0,0,0,1,50
1,68.5,68.7666375681547,80,68.7666375681547,3,4,0,0.18,1,0,1,0.14583671976132,0,0,1,50
1,0,0,87,87,0,0,0,0,1,0,0,0,0,0,1,50
2,0,0,59,59,0,0,0,0,1,0,0,0,0,0,0,29
2,0,0,91,91,0,0,0,0,1,0,0,0,0,0,0,29
2,0,0,88,88,0,0,0,0,1,0,0,0,0,0,0,29
2,0,0,100,100,0,0,0,0,1,0,0,0,0,0,0,29
2,0,0,100,100,0,0,0,0,1,0,0,0,0,0,0,29
2,0,0,95,95,0,0,0,0,1,0,0,0,0,0,0,29
2,0,0,82,82,0,0,0,0,1,0,0,0,0,0,0,29
2,0,0,89,89,0,0,0,0,1,0,0,0,0,0,0,29
2,0,0,85,85,0,0,0,0,1,0,0,0,0,0,0,29
2,0,0,100,100,0,0,0,0,1,0,0,0,0,0,0,29
2,0,0,100,100,0,0,0,0,1,0,0,0,0,0,0,29
2,0,0,76,76,0,0,0,0,1,0,0,0,0,0,0,29
2,0,0,89,89,0,0,0,0,1,0,0,0,0,0,0,29
2,0,0,99,99,0,0,0,0,1,0,0,0,0,0,0,29
2,0,0,62,62,0,0,0,0,1,0,0,0,0,0,0,29
2,0,0,100,100,0,0,0,0,1,0,0,0,0,0,0,29
2,0,0,87,87,0,0,0,0,1,0,0,0,0,0,0,29
2,0,0,99,99,0,0,0,0,1,0,0,0,0,0,0,29
2,0,0,100,100,0,0,0,0,1,0,0,0,0,0,0,29
2,0,0,92,92,0,0,0,0,1,0,0,0,0,0,0,29
2,92.5,94.2659705425153,95,94.2659705425153,2,4,0,0.28,1,0,0,0,0,0,0,29
2,0,0,100,100,0,0,0,0,1,0,0,0,0,0,0,29
2,0,0,87,87,0,0,0,0,1,0,0,0,0,0,0,29
2,0,0,89,89,0,0,0,0,1,0,0,0,0,0,0,29
2,0,0,100,100,0,0,0,0,1,0,0,0,0,0,0,29
2,0,0,86,86,0,0,0,0,1,0,0,0,0,0,0,29
2,0,0,90,90,0,0,0,0,1,0,0,0,0,0,0,29
2,0,0,98,98,0,0,0,0,1,0,0,0,0,0,0,29
2,0,0,82,82,0,0,0,0,1,0,0,0,0,0,0,29
2,0,0,100,100,0,0,0,0,1,0,0,0,0,0,0,29
2,0,0,100,100,0,0,0,0,1,0,0,0,0,0,0,29
2,0,0,86,86,0,0,0,0,1,0,0,0,0,0,0,29
2,0,0,92,92,0,0,0,0,1,0,0,0,0,0,0,29
2,0,0,60,60,0,0,0,0,1,0,0,0,0,0,0,29
2,0,0,100,100,0,0,0,0,1,0,0,0,0,0,0,29
2,0,0,99,99,0,0,0,0,1,0,0,0,0,0,0,29
2,0,0,100,100,0,0,0,0,1,0,0,0,0,0,0,29
2,0,0,81,81,0,0,0,0,1,0,0,0,0,0,0,29
2,0,0,80,80,0,0,0,0,1,0,0,0,0,0,0,29
2,0,0,81,81,0,0,0,0,1,0,0,0,0,0,0,29
2,0,0,97,97,0,0,0,0,1,0,0,0,0,0,0,29
2,0,0,86,86,0,0,0,0,1,0,0,0,0,0,0,29
2,0,0,87,87,0,0,0,0,1,0,0,0,0,0,0,29
2,0,0,58,58,0,0,0,0,1,0,0,0,0,0,0,29
2,0,0,100,100,0,0,0,0,1,0,0,0,0,0,0,29
2,0,0,100,100,0,0,0,0,1,0,0,0,0,0,0,29
2,0,0,97,97,0,0,0,0,1,0,0,0,0,0,0,29
2,0,0,90,90,0,0,0,0,1,0,0,0,0,0,0,29
2,85.5,85.8107289827794,100,85.8107289827794,2,1,0,0.18,1,0,0,0,0,0,0,29
2,90.5,100,92,92,2,1,0,0.18,1,0,0,0,0,0,0,29
2,0,0,88,88,0,0,0,0,1,0,0,0,0,0,0,29
2,0,0,95,95,0,0,0,0,1,0,0,0,0,0,0,29
2,0,0,100,100,0,0,0,0,1,0,0,0,0,0,0,29
2,0,0,83,83,0,0,0,0,1,0,0,0,0,0,0,29
2,0,0,69,69,0,0,0,0,1,0,0,0,0,0,0,29
2,0,0,85,85,0,0,0,0,1,0,0,0,0,0,0,29
2,0,0,100,100,0,0,0,0,1,0,0,0,0,0,0,29
2,0,0,74,74,0,0,0,0,1,0,0,0,0,0,0,29
2,0,0,94,94,0,0,0,0,1,0,0,0,0,0,0,29
2,0,0,67,67,0,0,0,0,1,0,0,0,0,0,0,29
2,0,0,78,78,0,0,0,0,1,0,0,0,0,0,0,29
2,78.5,81.8672664672503,90,81.8672664672503,2,4,0,0.14,1,0,0,0,0,0,0,29
2,0,0,100,100,0,0,0,0,1,0,0,0,0,0,0,29
2,0,0,76,76,0,0,0,0,1,0,0,0,0,0,0,29
2,0,0,79,79,0,0,0,0,1,0,0,0,0,0,0,29
2,0,0,100,100,0,0,0,0,1,0,0,0,0,0,0,29
2,0,0,100,100,0,0,0,0,1,0,0,0,0,0,0,29
2,0,0,76,76,0,0,0,0,1,0,0,0,0,0,0,29
2,69.5,71.9985668997009,94,71.9985668997009,3,6,0,0.14,1,0,0,0,0,0,0,29
2,77.5,78.8475235056993,80,78.8475235056993,2,6,0,0.28,1,0,0,0,0,0,0,29
2,0,0,100,100,0,0,0,0,1,0,0,0,0,0,0,29
2,0,0,82,82,0,0,0,0,1,0,0,0,0,0,0,29
2,0,0,88,88,0,0,0,0,1,0,0,0,0,0,0,29
2,87.5,88.7329500442549,97,88.7329500442549,2,1,0,0.18,1,0,0,0,0,0,0,29
2,0,0,100,100,0,0,0,0,1,0,0,0,0,0,0,29
2,0,0,93,93,0,0,0,0,1,0,0,0,0,0,0,29
2,0,0,80,80,0,0,0,0,1,0,0,0,0,0,0,29
2,0,0,89,89,0,0,0,0,1,0,0,0,0,0,0,29
2,0,0,95,95,0,0,0,0,1,0,0,0,0,0,0,29
2,0,0,75,75,0,0,0,0,1,0,0,0,0,0,0,29
2,0,0,90,90,0,0,0,0,1,0,0,0,0,0,0,29
2,0,0,91,91,0,0,0,0,1,0,0,0,0,0,0,29
2,90.5,92.8185200362984,100,92.8185200362984,2,1,0,0.18,1,0,0,0,0,0,0,29
2,0,0,100,100,0,0,0,0,1,0,0,0,0,0,0,29
2,91.5,91.5427061777544,100,91.5427061777544,2,5,0,0.18,1,0,0,0,0,0,0,29
2,0,0,100,100,0,0,0,0,1,0,0,0,0,0,0,29
2,0,0,95,95,0,0,0,0,1,0,0,0,0,0,0,29
2,0,0,94,94,0,0,0,0,1,0,0,0,0,0,0,29
2,0,0,100,100,0,0,0,0,1,0,0,0,0,0,0,29
2,0,0,93,93,0,0,0,0,1,0,0,0,0,0,0,29
2,0,0,95,95,0,0,0,0,1,0,0,0,0,0,0,29
2,0,0,82,82,0,0,0,0,1,0,0,0,0,0,0,29
2,0,0,100,100,0,0,0,0,1,0,0,0,0,0,0,29
2,0,0,82,82,0,0,0,0,1,0,0,0,0,0,0,29
2,0,0,59,59,0,0,0,0,1,0,0,0,0,0,0,29
1,0,0,65,65,0,0,0,0,0,0,0,0,0,0,0,21
1,0,0,67,67,0,0,0,0,0,0,0,0,0,0,0,21
1,0,0,77,77,0,0,0,0,0,0,0,0,0,0,0,21
1,0,0,61,61,0,0,0,0,0,0,0,0,0,0,0,21
1,0,0,83,83,0,0,0,0,0,0,0,0,0,0,0,21
1,0,0,98,98,0,0,0,0,0,0,0,0,0,0,0,21
1,0,0,83,83,0,0,0,0,0,0,0,0,0,0,0,21
1,0,0,92,92,0,0,0,0,0,0,0,0,0,0,0,21
1,0,0,89,89,0,0,0,0,0,0,0,0,0,0,0,21
1,0,0,89,89,0,0,0,0,0,0,0,0,0,0,0,21
1,0,0,75,75,0,0,0,0,0,0,0,0,0,0,0,21
1,0,0,76,76,0,0,0,0,0,0,0,0,0,0,0,21
1,0,0,88,88,0,0,0,0,0,0,0,0,0,0,0,21
1,0,0,98,98,0,0,0,0,0,0,0,0,0,0,0,21
1,0,0,94,94,0,0,0,0,0,0,0,0,0,0,0,21
1,0,0,91,91,0,0,0,0,0,0,0,0,0,0,0,21
1,0,0,95,95,0,0,0,0,0,0,0,0,0,0,0,21
1,0,0,88,88,0,0,0,0,0,0,0,0,0,0,0,21
1,0,0,98,98,0,0,0,0,0,0,0,0,0,0,0,21
1,0,0,91,91,0,0,0,0,0,0,0,0,0,0,0,21
1,0,0,86,86,0,0,0,0,0,0,0,0,0,0,0,21
1,0,0,65,65,0,0,0,0,0,0,0,0,0,0,0,21
1,0,0,99,99,0,0,0,0,0,0,0,0,0,0,0,21
1,0,0,97,97,0,0,0,0,0,0,0,0,0,0,0,21
1,0,0,66,66,0,0,0,0,0,0,0,0,0,0,0,21
1,0,0,59,59,0,0,0,0,0,0,0,0,0,0,0,21
1,0,0,89,89,0,0,0,0,0,0,0,0,0,0,0,21
1,0,0,94,94,0,0,0,0,0,0,0,0,0,0,0,21
1,0,0,71,71,0,0,0,0,0,0,0,0,0,0,0,21
1,0,0,100,100,0,0,0,0,0,0,0,0,0,0,0,21
1,0,0,90,90,0,0,0,0,0,0,0,0,0,0,0,21
1,0,0,98,98,0,0,0,0,0,0,0,0,0,0,0,21
1,0,0,72,72,0,0,0,0,0,0,0,0,0,0,0,21
1,0,0,69,69,0,0,0,0,0,0,0,0,0,0,0,21
1,0,0,84,84,0,0,0,0,0,0,0,0,0,0,0,21
1,0,0,74,74,0,0,0,0,0,0,0,0,0,0,0,21
1,0,0,83,83,0,0,0,0,0,0,0,0,0,0,0,21
1,0,0,78,78,0,0,0,0,0,0,0,0,0,0,0,21
1,0,0,94,94,0,0,0,0,0,0,0,0,0,0,0,21
1,0,0,84,84,0,0,0,0,0,0,0,0,0,0,0,21
1,0,0,89,89,0,0,0,0,0,0,0,0,0,0,0,21
1,0,0,98,98,0,0,0,0,0,0,0,0,0,0,0,21
1,0,0,80,80,0,0,0,0,0,0,0,0,0,0,0,21
1,0,0,63,63,0,0,0,0,0,0,0,0,0,0,0,21
1,0,0,94,94,0,0,0,0,0,0,0,0,0,0,0,21
1,0,0,68,68,0,0,0,0,0,0,0,0,0,0,0,21
1,0,0,75,75,0,0,0,0,0,0,0,0,0,0,0,21
1,0,0,91,91,0,0,0,0,0,0,0,0,0,0,0,21
1,0,0,63,63,0,0,0,0,0,0,0,0,0,0,0,21
1,0,0,92,92,0,0,0,0,0,0,0,0,0,0,0,21
1,0,0,91,91,0,0,0,0,0,0,0,0,0,0,0,21
1,0,0,68,68,0,0,0,0,0,0,0,0,0,0,0,21
1,0,0,69,69,0,0,0,0,0,0,0,0,0,0,0,21
1,0,0,64,64,0,0,0,0,0,0,0,0,0,0,0,21
1,0,0,99,99,0,0,0,0,0,0,0,0,0,0,0,21
1,64.5,65.6595631083691,88,65.6595631083691,1,6,0,0.14,0,0,0,0,0,0,0,21
1,0,0,100,100,0,0,0,0,0,0,0,0,0,0,0,21
1,0,0,100,100,0,0,0,0,0,0,0,0,0,0,0,21
1,0,0,84,84,0,0,0,0,0,0,0,0,0,0,0,21
1,0,0,87,87,0,0,0,0,0,0,0,0,0,0,0,21
1,0,0,94,94,0,0,0,0,0,0,0,0,0,0,0,21
1,0,0,78,78,0,0,0,0,0,0,0,0,0,0,0,21
1,0,0,78,78,0,0,0,0,0,0,0,0,0,0,0,21
1,0,0,99,99,0,0,0,0,0,0,0,0,0,0,0,21
1,0,0,79,79,0,0,0,0,0,0,0,0,0,0,0,21
1,0,0,100,100,0,0,0,0,0,0,0,0,0,0,0,21
1,0,0,88,88,0,0,0,0,0,0,0,0,0,0,0,21
1,0,0,60,60,0,0,0,0,0,0,0,0,0,0,0,21
1,0,0,87,87,0,0,0,0,0,0,0,0,0,0,0,21
1,0,0,98,98,0,0,0,0,0,0,0,0,0,0,0,21
1,0,0,65,65,0,0,0,0,0,0,0,0,0,0,0,21
1,0,0,68,68,0,0,0,0,0,0,0,0,0,0,0,21
1,82.5,83.1182350631338,94,83.1182350631338,2,6,0,0.32,0,0,0,0,0,0,0,21
1,0,0,86,86,0,0,0,0,0,0,0,0,0,0,0,21
1,0,0,77,77,0,0,0,0,0,0,0,0,0,0,0,21
1,0,0,72,72,0,0,0,0,0,0,0,0,0,0,0,21
1,0,0,93,93,0,0,0,0,0,0,0,0,0,0,0,21
1,0,0,62,62,0,0,0,0,0,0,0,0,0,0,0,21
1,0,0,58,58,0,0,0,0,0,0,0,0,0,0,0,21
1,0,0,59,59,0,0,0,0,0,0,0,0,0,0,0,21
1,0,0,79,79,0,0,0,0,0,0,0,0,0,0,0,21
1,0,0,68,68,0,0,0,0,0,0,0,0,0,0,0,21
1,0,0,70,70,0,0,0,0,0,0,0,0,0,0,0,21
1,0,0,66,66,0,0,0,0,0,0,0,0,0,0,0,21
1,0,0,84,84,0,0,0,0,0,0,0,0,0,0,0,21
1,0,0,80,80,0,0,0,0,0,0,0,0,0,0,0,21
1,0,0,91,91,0,0,0,0,0,0,0,0,0,0,0,21
1,0,0,78,78,0,0,0,0,0,0,0,0,0,0,0,21
1,0,0,83,83,0,0,0,0,0,0,0,0,0,0,0,21
1,0,0,82,82,0,0,0,0,0,0,0,0,0,0,0,21
1,0,0,85,85,0,0,0,0,0,0,0,0,0,0,0,21
1,0,0,91,91,0,0,0,0,0,0,0,0,0,0,0,21
1,0,0,90,90,0,0,0,0,0,0,0,0,0,0,0,21
1,0,0,94,94,0,0,0,0,0,0,0,0,0,0,0,21
1,0,0,68,68,0,0,0,0,0,0,0,0,0,0,0,21
1,0,0,85,85,0,0,0,0,0,0,0,0,0,0,0,21
1,0,0,93,93,0,0,0,0,0,0,0,0,0,0,0,21
1,0,0,91,91,0,0,0,0,0,0,0,0,0,0,0,21
1,0,0,61,61,0,0,0,0,0,0,0,0,0,0,0,21
1,0,0,87,87,0,0,0,0,0,0,0,0,0,0,0,21
1,0,0,82,82,0,0,0,0,0,0,0,0,0,0,0,21
1,0,0,60,60,0,0,0,0,0,0,0,0,0,0,0,21
1,0,0,79,79,0,0,0,0,0,0,0,0,0,0,0,21
1,0,0,95,95,0,0,0,0,0,0,0,0,0,0,0,21
1,0,0,93,93,0,0,0,0,0,0,0,0,0,0,0,21
1,0,0,95,95,0,0,0,0,0,0,0,0,0,0,0,21
1,0,0,95,95,0,0,0,0,0,0,0,0,0,0,0,21
1,0,0,73,73,0,0,0,0,0,0,0,0,0,0,0,21
1,0,0,62,62,0,0,0,0,0,0,0,0,0,0,0,21
1,0,0,80,80,0,0,0,0,0,0,0,0,0,0,0,21
1,0,0,91,91,0,0,0,0,0,0,0,0,0,0,0,21
1,0,0,88,88,0,0,0,0,0,0,0,0,0,0,0,21
1,0,0,83,83,0,0,0,0,0,0,0,0,0,0,0,21
1,0,0,81,81,0,0,0,0,0,0,0,0,0,0,0,21
1,0,0,61,61,0,0,0,0,0,0,0,0,0,0,0,21
1,0,0,97,97,0,0,0,0,0,0,0,0,0,0,0,21
1,0,0,63,63,0,0,0,0,0,0,0,0,0,0,0,21
1,0,0,76,76,0,0,0,0,0,0,0,0,0,0,0,21
1,0,0,89,89,0,0,0,0,0,0,0,0,0,0,0,21
1,0,0,70,70,0,0,0,0,0,0,0,0,0,0,0,21
1,0,0,82,82,0,0,0,0,0,0,0,0,0,0,0,21
1,0,0,84,84,0,0,0,0,0,0,0,0,0,0,0,21
1,0,0,94,94,0,0,0,0,0,0,0,0,0,0,0,21
1,0,0,91,91,0,0,0,0,0,0,0,0,0,0,0,21
1,0,0,92,92,0,0,0,0,0,0,0,0,0,0,0,21
1,0,0,78,78,0,0,0,0,0,0,0,0,0,0,0,21
1,0,0,64,64,0,0,0,0,0,0,0,0,0,0,0,21
1,0,0,60,60,0,0,0,0,0,0,0,0,0,0,0,21
1,0,0,67,67,0,0,0,0,0,0,0,0,0,0,0,21
1,0,0,78,78,0,0,0,0,0,0,0,0,0,0,0,21
1,0,0,87,87,0,0,0,0,0,0,0,0,0,0,0,21
1,0,0,73,73,0,0,0,0,0,0,0,0,0,0,0,21
1,0,0,78,78,0,0,0,0,0,0,0,0,0,0,0,21
1,0,0,91,91,0,0,0,0,0,0,0,0,0,0,0,21
1,0,0,70,70,0,0,0,0,0,0,0,0,0,0,0,21
1,0,0,70,70,0,0,0,0,0,0,0,0,0,0,0,21
1,0,0,75,75,0,0,0,0,0,0,0,0,0,0,0,21
1,0,0,65,65,0,0,0,0,0,0,0,0,0,0,0,21
1,0,0,85,85,0,0,0,0,0,0,0,0,0,0,0,21
1,0,0,70,70,0,0,0,0,0,0,0,0,0,0,0,21
1,0,0,69,69,0,0,0,0,0,0,0,0,0,0,0,21
1,0,0,79,79,0,0,0,0,0,0,0,0,0,0,0,21
1,92.5,96.1845916212307,93,93,2,3,0,0.32,0,0,0,0,0,0,0,21
1,0,0,61,61,0,0,0,0,0,0,0,0,0,0,0,21
1,0,0,85,85,0,0,0,0,0,0,0,0,0,0,0,21
1,0,0,74,74,0,0,0,0,0,0,0,0,0,0,0,21
1,0,0,68,68,0,0,0,0,0,0,0,0,0,0,0,21
1,0,0,100,100,0,0,0,0,0,0,0,0,0,0,0,21
1,0,0,89,89,0,0,0,0,0,0,0,0,0,0,0,21
1,0,0,77,77,0,0,0,0,0,0,0,0,0,0,0,21
1,0,0,90,90,0,0,0,0,0,0,0,0,0,0,0,21
1,0,0,91,91,0,0,0,0,0,0,0,0,0,0,0,21
1,0,0,68,68,0,0,0,0,0,0,0,0,0,0,0,21
1,0,0,89,89,0,0,0,0,0,0,0,0,0,0,0,21
1,0,0,67,67,0,0,0,0,0,0,0,0,0,0,0,21
1,0,0,83,83,0,0,0,0,0,0,0,0,0,0,0,21
1,0,0,74,74,0,0,0,0,0,0,0,0,0,0,0,21
1,0,0,100,100,0,0,0,0,0,0,0,0,0,0,0,21
1,0,0,92,92,0,0,0,0,0,0,0,0,0,0,0,21
1,0,0,100,100,0,0,0,0,0,0,0,0,0,0,0,21
1,0,0,86,86,0,0,0,0,0,0,0,0,0,0,0,21
1,0,0,85,85,0,0,0,0,0,0,0,0,0,0,0,21
1,0,0,84,84,0,0,0,0,0,0,0,0,0,0,0,21
1,0,0,99,99,0,0,0,0,0,0,0,0,0,0,0,21
1,0,0,89,89,0,0,0,0,0,0,0,0,0,0,0,21
1,0,0,83,83,0,0,0,0,0,0,0,0,0,0,0,21
1,0,0,85,85,0,0,0,0,0,0,0,0,0,0,0,21
1,0,0,80,80,0,0,0,0,0,0,0,0,0,0,0,21
1,0,0,87,87,0,0,0,0,0,0,0,0,0,0,0,21
1,0,0,77,77,0,0,0,0,0,0,0,0,0,0,0,21
1,0,0,84,84,0,0,0,0,0,0,0,0,0,0,0,21
1,0,0,92,92,0,0,0,0,0,0,0,0,0,0,0,21
1,0,0,59,59,0,0,0,0,0,0,0,0,0,0,0,21
1,0,0,90,90,0,0,0,0,0,0,0,0,0,0,0,21
1,0,0,100,100,0,0,0,0,0,0,0,0,0,0,0,21
1,0,0,66,66,0,0,0,0,0,0,0,0,0,0,0,21
1,0,0,75,75,0,0,0,0,0,0,0,0,0,0,0,21
1,0,0,88,88,0,0,0,0,0,0,0,0,0,0,0,21
1,0,0,100,100,0,0,0,0,0,0,0,0,0,0,0,21
1,0,0,71,71,0,0,0,0,0,0,0,0,0,0,0,21
1,0,0,80,80,0,0,0,0,0,0,0,0,0,0,0,21
1,0,0,62,62,0,0,0,0,0,0,0,0,0,0,0,21
1,0,0,100,100,0,0,0,0,0,0,0,0,0,0,0,21
1,0,0,65,65,0,0,0,0,0,0,0,0,0,0,0,21
1,0,0,60,60,0,0,0,0,0,0,0,0,0,0,0,21
1,0,0,78,78,0,0,0,0,0,0,0,0,0,0,0,21
1,0,0,100,100,0,0,0,0,0,0,0,0,0,0,0,21
1,79.5,79.5861162141709,98,79.5861162141709,4,6,0,0.14,0,0,0,0,0,0,0,21
1,0,0,76,76,0,0,0,0,0,0,0,0,0,0,0,21
1,0,0,59,59,0,0,0,0,0,0,0,0,0,0,0,21
1,0,0,98,98,0,0,0,0,0,0,0,0,0,0,0,21
1,0,0,95,95,0,0,0,0,0,0,0,0,0,0,0,21
1,0,0,62,62,0,0,0,0,0,0,0,0,0,0,0,21
1,90.5,91.2537835305247,97,91.2537835305247,2,2,0,0.32,0,0,0,0,0,0,0,21
1,0,0,89,89,0,0,0,0,0,0,0,0,0,0,0,21
1,0,0,88,88,0,0,0,0,0,0,0,0,0,0,0,21
1,0,0,91,91,0,0,0,0,0,0,0,0,0,0,0,21
1,0,0,77,77,0,0,0,0,0,0,0,0,0,0,0,21
1,0,0,99,99,0,0,0,0,0,0,0,0,0,0,0,21
1,0,0,100,100,0,0,0,0,0,0,0,0,0,0,0,21
1,0,0,80,80,0,0,0,0,0,0,0,0,0,0,0,21
1,0,0,57,57,0,0,0,0,0,0,0,0,0,0,0,21
1,0,0,99,99,0,0,0,0,0,0,0,0,0,0,0,21
1,0,0,70,70,0,0,0,0,0,0,0,0,0,0,0,21
1,0,0,91,91,0,0,0,0,0,0,0,0,0,0,0,21
1,0,0,76,76,0,0,0,0,0,0,0,0,0,0,0,21
1,0,0,93,93,0,0,0,0,0,0,0,0,0,0,0,21
1,0,0,93,93,0,0,0,0,0,0,0,0,0,0,0,21
1,0,0,75,75,0,0,0,0,0,0,0,0,0,0,0,21
1,0,0,81,81,0,0,0,0,0,0,0,0,0,0,0,21
1,0,0,65,65,0,0,0,0,0,0,0,0,0,0,0,21
1,0,0,65,65,0,0,0,0,0,0,0,0,0,0,0,21
1,0,0,88,88,0,0,0,0,0,0,0,0,0,0,0,21
1,0,0,85,85,0,0,0,0,0,0,0,0,0,0,0,21
1,0,0,84,84,0,0,0,0,0,0,0,0,0,0,0,21
1,0,0,65,65,0,0,0,0,0,0,0,0,0,0,0,21
1,0,0,68,68,0,0,0,0,0,0,0,0,0,0,0,21
1,0,0,86,86,0,0,0,0,0,0,0,0,0,0,0,21
1,0,0,81,81,0,0,0,0,0,0,0,0,0,0,0,21
1,0,0,89,89,0,0,0,0,0,0,0,0,0,0,0,21
1,0,0,79,79,0,0,0,0,0,0,0,0,0,0,0,21
1,0,0,95,95,0,0,0,0,0,0,0,0,0,0,0,21
1,0,0,64,64,0,0,0,0,0,0,0,0,0,0,0,21
1,0,0,81,81,0,0,0,0,0,0,0,0,0,0,0,21
1,0,0,96,96,0,0,0,0,0,0,0,0,0,0,0,21
1,0,0,82,82,0,0,0,0,0,0,0,0,0,0,0,21
1,0,0,89,89,0,0,0,0,0,0,0,0,0,0,0,21
1,0,0,73,73,0,0,0,0,0,0,0,0,0,0,0,21
1,0,0,73,73,0,0,0,0,0,0,0,0,0,0,0,21
1,0,0,75,75,0,0,0,0,0,0,0,0,0,0,0,21
1,0,0,71,71,0,0,0,0,0,0,0,0,0,0,0,21
1,0,0,78,78,0,0,0,0,0,0,0,0,0,0,0,21
1,0,0,81,81,0,0,0,0,0,0,0,0,0,0,0,21
1,0,0,100,100,0,0,0,0,0,0,0,0,0,0,0,21
1,0,0,66,66,0,0,0,0,0,0,0,0,0,0,0,21
1,0,0,94,94,0,0,0,0,0,0,0,0,0,0,0,21
1,0,0,91,91,0,0,0,0,0,0,0,0,0,0,0,21
1,0,0,85,85,0,0,0,0,0,0,0,0,0,0,0,21
1,0,0,68,68,0,0,0,0,0,0,0,0,0,0,0,21
1,0,0,95,95,0,0,0,0,0,0,0,0,0,0,0,21
1,0,0,92,92,0,0,0,0,0,0,0,0,0,0,0,21
1,0,0,65,65,0,0,0,0,0,0,0,0,0,0,0,21
1,0,0,82,82,0,0,0,0,0,0,0,0,0,0,0,21
1,0,0,66,66,0,0,0,0,0,0,0,0,0,0,0,21
1,0,0,98,98,0,0,0,0,0,0,0,0,0,0,0,21
1,0,0,81,81,0,0,0,0,0,0,0,0,0,0,0,21
1,0,0,89,89,0,0,0,0,0,0,0,0,0,0,0,21
1,0,0,93,93,0,0,0,0,0,0,0,0,0,0,0,21
1,0,0,87,87,0,0,0,0,0,0,0,0,0,0,0,21
1,0,0,76,76,0,0,0,0,0,0,0,0,0,0,0,21
1,0,0,91,91,0,0,0,0,0,0,0,0,0,0,0,21
1,0,0,84,84,0,0,0,0,0,0,0,0,0,0,0,21
1,0,0,92,92,0,0,0,0,0,0,0,0,0,0,0,21
1,0,0,98,98,0,0,0,0,0,0,0,0,0,0,0,21
1,0,0,72,72,0,0,0,0,0,0,0,0,0,0,0,21
1,0,0,66,66,0,0,0,0,0,0,0,0,0,0,0,21
1,0,0,89,89,0,0,0,0,0,0,0,0,0,0,0,21
1,0,0,61,61,0,0,0,0,0,0,0,0,0,0,0,21
1,0,0,87,87,0,0,0,0,0,0,0,0,0,0,0,21
1,0,0,82,82,0,0,0,0,0,0,0,0,0,0,0,21
1,0,0,80,80,0,0,0,0,0,0,0,0,0,0,0,21
1,0,0,67,67,0,0,0,0,0,0,0,0,0,0,0,21
1,0,0,64,64,0,0,0,0,0,0,0,0,0,0,0,21
1,0,0,78,78,0,0,0,0,0,0,0,0,0,0,0,21
1,0,0,76,76,0,0,0,0,0,0,0,0,0,0,0,21
1,0,0,87,87,0,0,0,0,0,0,0,0,0,0,0,21
1,0,0,69,69,0,0,0,0,0,0,0,0,0,0,0,21
1,0,0,91,91,0,0,0,0,0,0,0,0,0,0,0,21
1,0,0,68,68,0,0,0,0,0,0,0,0,0,0,0,21
1,0,0,100,100,0,0,0,0,0,0,0,0,0,0,0,21
1,0,0,83,83,0,0,0,0,0,0,0,0,0,0,0,21
1,0,0,72,72,0,0,0,0,0,0,0,0,0,0,0,21
1,0,0,100,100,0,0,0,0,0,0,0,0,0,0,0,21
1,0,0,69,69,0,0,0,0,0,0,0,0,0,0,0,21
1,0,0,85,85,0,0,0,0,0,0,0,0,0,0,0,21
2,0,0,92,92,0,0,0,0,1,0,0,0,0,0,1,44
2,0,0,76,76,0,0,0,0,1,0,0,0,0,0,1,44
2,0,0,81,81,0,0,0,0,1,0,0,0,0,0,1,44
2,0,0,80,80,0,0,0,0,1,0,0,0,0,0,1,44
2,0,0,84,84,0,0,0,0,1,0,0,0,0,0,1,44
2,69.5,0,70,70,2,1,0,0,1,1,1,0,0,0,1,44
2,0,0,68,68,0,0,0,0,1,0,0,0,0,0,1,44
2,0,0,69,69,0,0,0,0,1,0,0,0,0,0,1,44
2,0,0,90,90,0,0,0,0,1,0,0,0,0,0,1,44
2,0,0,78,78,0,0,0,0,1,0,0,0,0,0,1,44
2,0,0,75,75,0,0,0,0,1,0,0,0,0,0,1,44
2,0,0,74,74,0,0,0,0,1,0,0,0,0,0,1,44
2,0,0,82,82,0,0,0,0,1,0,0,0,0,0,1,44
2,0,0,72,72,0,0,0,0,1,0,0,0,0,0,1,44
2,0,0,90,90,0,0,0,0,1,0,0,0,0,0,1,44
2,0,0,87,87,0,0,0,0,1,0,0,0,0,0,1,44
2,0,0,69,69,0,0,0,0,1,0,0,0,0,0,1,44
2,0,0,83,83,0,0,0,0,1,0,0,0,0,0,1,44
2,0,0,76,76,0,0,0,0,1,0,0,0,0,0,1,44
2,0,0,78,78,0,0,0,0,1,0,0,0,0,0,1,44
2,0,0,70,70,0,0,0,0,1,0,0,0,0,0,1,44
2,0,0,94,94,0,0,0,0,1,0,0,0,0,0,1,44
2,0,0,73,73,0,0,0,0,1,0,0,0,0,0,1,44
2,0,0,73,73,0,0,0,0,1,0,0,0,0,0,1,44
2,0,0,79,79,0,0,0,0,1,0,0,0,0,0,1,44
2,0,0,73,73,0,0,0,0,1,0,0,0,0,0,1,44
2,0,0,95,95,0,0,0,0,1,0,0,0,0,0,1,44
2,0,0,68,68,0,0,0,0,1,0,0,0,0,0,1,44
2,0,0,79,79,0,0,0,0,1,0,0,0,0,0,1,44
2,87,0,87,87,2,1,0,0,1,1,0,0,0,0,1,44
2,0,0,80,80,0,0,0,0,1,0,0,0,0,0,1,44
2,0,0,86,86,0,0,0,0,1,0,0,0,0,0,1,44
2,0,0,80,80,0,0,0,0,1,0,0,0,0,0,1,44
2,0,0,82,82,0,0,0,0,1,0,0,0,0,0,1,44
2,0,0,83,83,0,0,0,0,1,0,0,0,0,0,1,44
2,0,0,77,77,0,0,0,0,1,0,0,0,0,0,1,44
2,0,0,88,88,0,0,0,0,1,0,0,0,0,0,1,44
2,0,0,86,86,0,0,0,0,1,0,0,0,0,0,1,44
2,0,0,74,74,0,0,0,0,1,0,0,0,0,0,1,44
2,0,0,85,85,0,0,0,0,1,0,0,0,0,0,1,44
2,0,0,77,77,0,0,0,0,1,0,0,0,0,0,1,44
2,0,0,84,84,0,0,0,0,1,0,0,0,0,0,1,44
2,0,0,69,69,0,0,0,0,1,0,0,0,0,0,1,44
2,0,0,91,91,0,0,0,0,1,0,0,0,0,0,1,44
2,0,0,87,87,0,0,0,0,1,0,0,0,0,0,1,44
2,0,0,79,79,0,0,0,0,1,0,0,0,0,0,1,44
2,0,0,98,98,0,0,0,0,1,0,0,0,0,0,1,44
2,96.5,97.471990215818,97,97,2,6,0,0,1,0,0,0,0,0,1,44
2,0,0,100,100,0,0,0,0,1,0,0,0,0,0,1,44
2,0,0,98,98,0,0,0,0,1,0,0,0,0,0,1,44
2,0,0,84,84,0,0,0,0,1,0,0,0,0,0,1,44
2,0,0,100,100,0,0,0,0,1,0,0,0,0,0,1,44
2,0,0,100,100,0,0,0,0,1,0,0,0,0,0,1,44
2,0,0,95,95,0,0,0,0,1,0,0,0,0,0,1,44
2,62.5,100,76,76,2,1,0,0.18,1,0,1,125.356616896903,0,0,1,44
2,0,0,100,100,0,0,0,0,1,0,0,0,0,0,1,44
2,0,0,74,74,0,0,0,0,1,0,0,0,0,0,1,44
2,0,0,100,100,0,0,0,0,1,0,0,0,0,0,1,44
2,0,0,88,88,0,0,0,0,1,0,0,0,0,0,1,44
2,0,0,100,100,0,0,0,0,1,0,0,0,0,0,1,44
2,0,0,91,91,0,0,0,0,1,0,0,0,0,0,1,44
2,0,0,87,87,0,0,0,0,1,0,0,0,0,0,1,44
2,69.5,100,95,95,2,1,0,0.18,1,0,1,83.9698652350356,0,0,1,44
2,0,0,65,65,0,0,0,0,1,0,0,0,0,0,1,44
2,0,0,99,99,0,0,0,0,1,0,0,0,0,0,1,44
2,0,0,98,98,0,0,0,0,1,0,0,0,0,0,1,44
2,0,0,85,85,0,0,0,0,1,0,0,0,0,0,1,44
2,0,0,93,93,0,0,0,0,1,0,0,0,0,0,1,44
2,0,0,82,82,0,0,0,0,1,0,0,0,0,0,1,44
2,0,0,76,76,0,0,0,0,1,0,0,0,0,0,1,44
2,0,0,96,96,0,0,0,0,1,0,0,0,0,0,1,44
2,0,0,87,87,0,0,0,0,1,0,0,0,0,0,1,44
2,0,0,100,100,0,0,0,0,1,0,0,0,0,0,1,44
2,0,0,76,76,0,0,0,0,1,0,0,0,0,0,1,44
2,0,0,66,66,0,0,0,0,1,0,0,0,0,0,1,44
2,86.5,88.2010942094352,98,88.2010942094352,2,6,0,0.28,1,0,0,0,0,0,1,44
2,0,0,65,65,0,0,0,0,1,0,0,0,0,0,1,44
2,0,0,84,84,0,0,0,0,1,0,0,0,0,0,1,44
2,0,0,82,82,0,0,0,0,1,0,0,0,0,0,1,44
2,0,0,100,100,0,0,0,0,1,0,0,0,0,0,1,44
2,0,0,100,100,0,0,0,0,1,0,0,0,0,0,1,44
2,0,0,94,94,0,0,0,0,1,0,0,0,0,0,1,44
2,86.5,87.1146973790718,93,87.1146973790718,4,2,0,0.18,1,0,0,0,0,0,1,44
2,0,0,72,72,0,0,0,0,1,0,0,0,0,0,1,44
2,0,0,100,100,0,0,0,0,1,0,0,0,0,0,1,44
2,0,0,100,100,0,0,0,0,1,0,0,0,0,0,1,44
2,79.5,80.9113753719126,86,80.9113753719126,3,1,0,0.18,1,0,0,0,0,0,1,44
2,0,0,89,89,0,0,0,0,1,0,0,0,0,0,1,44
2,0,0,75,75,0,0,0,0,1,0,0,0,0,0,1,44
2,0,0,68,68,0,0,0,0,1,0,0,0,0,0,1,44
2,0,0,89,89,0,0,0,0,1,0,0,0,0,0,1,44
2,0,0,81,81,0,0,0,0,1,0,0,0,0,0,1,44
2,0,0,96,96,0,0,0,0,1,0,0,0,0,0,1,44
2,0,0,93,93,0,0,0,0,1,0,0,0,0,0,1,44
2,0,0,66,66,0,0,0,0,1,0,0,0,0,0,1,44
2,0,0,91,91,0,0,0,0,1,0,0,0,0,0,1,44
2,0,0,100,100,0,0,0,0,1,0,0,0,0,0,1,44
2,0,0,83,83,0,0,0,0,1,0,0,0,0,0,1,44
2,79.5,79.5677200458884,100,79.5677200458884,1,6,0,0.14,1,0,0,0,0,0,1,44
2,96.5,97.018420479796,100,97.018420479796,2,1,0,0.18,1,0,0,0,0,0,1,44
2,0,0,68,68,0,0,0,0,1,0,0,0,0,0,1,44
2,0,0,73,73,0,0,0,0,1,0,0,0,0,0,1,44
2,0,0,99,99,0,0,0,0,1,0,0,0,0,0,1,44
2,0,0,95,95,0,0,0,0,1,0,0,0,0,0,1,44
2,0,0,86,86,0,0,0,0,1,0,0,0,0,0,1,44
2,0,0,92,92,0,0,0,0,1,0,0,0,0,0,1,44
2,0,0,93,93,0,0,0,0,1,0,0,0,0,0,1,44
2,0,0,91,91,0,0,0,0,1,0,0,0,0,0,1,44
2,0,0,78,78,0,0,0,0,1,0,0,0,0,0,1,44
2,0,0,91,91,0,0,0,0,1,0,0,0,0,0,1,44
2,0,0,80,80,0,0,0,0,1,0,0,0,0,0,1,44
2,0,0,84,84,0,0,0,0,1,0,0,0,0,0,1,44
2,62.5,74.1370271723268,98,74.1370271723268,4,1,0,0.14,1,0,1,11.6370271723268,0,0,1,44
2,0,0,69,69,0,0,0,0,1,0,0,0,0,0,1,44
2,0,0,72,72,0,0,0,0,1,0,0,0,0,0,1,44
2,0,0,92,92,0,0,0,0,1,0,0,0,0,0,1,44
2,0,0,91,91,0,0,0,0,1,0,0,0,0,0,1,44
2,0,0,83,83,0,0,0,0,1,0,0,0,0,0,1,44
2,0,0,71,71,0,0,0,0,1,0,0,0,0,0,1,44
2,0,0,78,78,0,0,0,0,1,0,0,0,0,0,1,44
2,0,0,93,93,0,0,0,0,1,0,0,0,0,0,1,44
2,84.5,87.0727920105236,86,86,4,2,0,0.18,1,0,0,0,0,0,1,44
2,0,0,86,86,0,0,0,0,1,0,0,0,0,0,1,44
2,0,0,95,95,0,0,0,0,1,0,0,0,0,0,1,44
2,0,0,100,100,0,0,0,0,1,0,0,0,0,0,1,44
2,0,0,67,67,0,0,0,0,1,0,0,0,0,0,1,44
2,0,0,92,92,0,0,0,0,1,0,0,0,0,0,1,44
1,0,0,90,90,0,0,0,0,1,0,0,0,0,0,1,40
1,0,0,75,75,0,0,0,0,1,0,0,0,0,0,1,40
1,0,0,70,70,0,0,0,0,1,0,0,0,0,0,1,40
1,0,0,89,89,0,0,0,0,1,0,0,0,0,0,1,40
1,0,0,72,72,0,0,0,0,1,0,0,0,0,0,1,40
1,0,0,78,78,0,0,0,0,1,0,0,0,0,0,1,40
1,0,0,87,87,0,0,0,0,1,0,0,0,0,0,1,40
1,0,0,72,72,0,0,0,0,1,0,0,0,0,0,1,40
1,74.5,74.8220796102853,77,74.8220796102853,2,6,0,0.28,1,0,0,0,0,0,1,40
1,0,0,67,67,0,0,0,0,1,0,0,0,0,0,1,40
1,0,0,98,98,0,0,0,0,1,0,0,0,0,0,1,40
1,0,0,75,75,0,0,0,0,1,0,0,0,0,0,1,40
1,0,0,80,80,0,0,0,0,1,0,0,0,0,0,1,40
1,0,0,86,86,0,0,0,0,1,0,0,0,0,0,1,40
1,0,0,67,67,0,0,0,0,1,0,0,0,0,0,1,40
1,0,0,70,70,0,0,0,0,1,0,0,0,0,0,1,40
1,0,0,88,88,0,0,0,0,1,0,0,0,0,0,1,40
1,0,0,82,82,0,0,0,0,1,0,0,0,0,0,1,40
1,0,0,80,80,0,0,0,0,1,0,0,0,0,0,1,40
1,0,0,74,74,0,0,0,0,1,0,0,0,0,0,1,40
1,0,0,89,89,0,0,0,0,1,0,0,0,0,0,1,40
1,0,0,73,73,0,0,0,0,1,0,0,0,0,0,1,40
1,66.5,67.7335836068061,76,67.7335836068061,1,6,0,0.14,1,0,0,0,0,0,1,40
1,0,0,82,82,0,0,0,0,1,0,0,0,0,0,1,40
1,0,0,94,94,0,0,0,0,1,0,0,0,0,0,1,40
1,0,0,81,81,0,0,0,0,1,0,0,0,0,0,1,40
1,0,0,75,75,0,0,0,0,1,0,0,0,0,0,1,40
1,0,0,84,84,0,0,0,0,1,0,0,0,0,0,1,40
1,74.5,74.6292032489055,87,74.6292032489055,1,6,0,0.28,1,0,0,0,0,0,1,40
1,0,0,67,67,0,0,0,0,1,0,0,0,0,0,1,40
1,0,0,83,83,0,0,0,0,1,0,0,0,0,0,1,40
1,0,0,94,94,0,0,0,0,1,0,0,0,0,0,1,40
1,0,0,77,77,0,0,0,0,1,0,0,0,0,0,1,40
1,0,0,87,87,0,0,0,0,1,0,0,0,0,0,1,40
1,0,0,90,90,0,0,0,0,1,0,0,0,0,0,1,40
1,0,0,75,75,0,0,0,0,1,0,0,0,0,0,1,40
1,0,0,74,74,0,0,0,0,1,0,0,0,0,0,1,40
1,0,0,70,70,0,0,0,0,1,0,0,0,0,0,1,40
1,0,0,77,77,0,0,0,0,1,0,0,0,0,0,1,40
1,0,0,84,84,0,0,0,0,1,0,0,0,0,0,1,40
1,0,0,94,94,0,0,0,0,1,0,0,0,0,0,1,40
1,0,0,97,97,0,0,0,0,1,0,0,0,0,0,1,40
1,0,0,89,89,0,0,0,0,1,0,0,0,0,0,1,40
1,0,0,68,68,0,0,0,0,1,0,0,0,0,0,1,40
1,0,0,69,69,0,0,0,0,1,0,0,0,0,0,1,40
1,0,0,76,76,0,0,0,0,1,0,0,0,0,0,1,40
1,0,0,77,77,0,0,0,0,1,0,0,0,0,0,1,40
1,0,0,77,77,0,0,0,0,1,0,0,0,0,0,1,40
1,0,0,82,82,0,0,0,0,1,0,0,0,0,0,1,40
1,0,0,79,79,0,0,0,0,1,0,0,0,0,0,1,40
1,0,0,92,92,0,0,0,0,1,0,0,0,0,0,1,40
1,0,0,92,92,0,0,0,0,1,0,0,0,0,0,1,40
1,0,0,86,86,0,0,0,0,1,0,0,0,0,0,1,40
1,0,0,94,94,0,0,0,0,1,0,0,0,0,0,1,40
1,0,0,86,86,0,0,0,0,1,0,0,0,0,0,1,40
1,0,0,71,71,0,0,0,0,1,0,0,0,0,0,1,40
1,0,0,84,84,0,0,0,0,1,0,0,0,0,0,1,40
1,0,0,77,77,0,0,0,0,1,0,0,0,0,0,1,40
1,0,0,85,85,0,0,0,0,1,0,0,0,0,0,1,40
1,0,0,72,72,0,0,0,0,1,0,0,0,0,0,1,40
1,0,0,66,66,0,0,0,0,1,0,0,0,0,0,1,40
1,0,0,93,93,0,0,0,0,1,0,0,0,0,0,1,40
1,0,0,82,82,0,0,0,0,1,0,0,0,0,0,1,40
1,68.5,75.9111250161292,90,75.9111250161292,1,1,0,0,1,0,1,0.165617984568154,0,0,1,40
1,0,0,99,99,0,0,0,0,1,0,0,0,0,0,1,40
1,0,0,77,77,0,0,0,0,1,0,0,0,0,0,1,40
1,0,0,83,83,0,0,0,0,1,0,0,0,0,0,1,40
1,0,0,85,85,0,0,0,0,1,0,0,0,0,0,1,40
1,72.5,72.6173449388143,93,72.6173449388143,2,5,0,0.32,1,0,0,0,0,0,1,40
1,86.5,87.408628863193,96,87.408628863193,2,3,0,0.32,1,0,0,0,0,0,1,40
1,0,0,87,87,0,0,0,0,1,0,0,0,0,0,1,40
1,0,0,91,91,0,0,0,0,1,0,0,0,0,0,1,40
1,0,0,70,70,0,0,0,0,1,0,0,0,0,0,1,40
1,0,0,100,100,0,0,0,0,1,0,0,0,0,0,1,40
1,0,0,91,91,0,0,0,0,1,0,0,0,0,0,1,40
1,0,0,81,81,0,0,0,0,1,0,0,0,0,0,1,40
1,81.5,82.7486268767749,91,82.7486268767749,2,3,0,0.32,1,0,0,0,0,0,1,40
1,0,0,91,91,0,0,0,0,1,0,0,0,0,0,1,40
1,0,0,95,95,0,0,0,0,1,0,0,0,0,0,1,40
1,0,0,83,83,0,0,0,0,1,0,0,0,0,0,1,40
1,0,0,78,78,0,0,0,0,1,0,0,0,0,0,1,40
1,0,0,87,87,0,0,0,0,1,0,0,0,0,0,1,40
1,0,0,81,81,0,0,0,0,1,0,0,0,0,0,1,40
1,0,0,84,84,0,0,0,0,1,0,0,0,0,0,1,40
1,0,0,75,75,0,0,0,0,1,0,0,0,0,0,1,40
1,80.5,85.0411470243418,95,85.0411470243418,2,1,0,0,1,0,0,0,0,0,1,40
1,0,0,80,80,0,0,0,0,1,0,0,0,0,0,1,40
1,0,0,92,92,0,0,0,0,1,0,0,0,0,0,1,40
1,0,0,85,85,0,0,0,0,1,0,0,0,0,0,1,39
1,0,0,68,68,0,0,0,0,1,0,0,0,0,0,1,39
1,0,0,68,68,0,0,0,0,1,0,0,0,0,0,1,39
1,0,0,69,69,0,0,0,0,1,0,0,0,0,0,1,39
1,0,0,82,82,0,0,0,0,1,0,0,0,0,0,1,39
1,0,0,65,65,0,0,0,0,1,0,0,0,0,0,1,39
1,0,0,71,71,0,0,0,0,1,0,0,0,0,0,1,39
1,0,0,70,70,0,0,0,0,1,0,0,0,0,0,1,39
1,0,0,89,89,0,0,0,0,1,0,0,0,0,0,1,39
1,0,0,90,90,0,0,0,0,1,0,0,0,0,0,1,39
1,0,0,76,76,0,0,0,0,1,0,0,0,0,0,1,39
1,0,0,61,61,0,0,0,0,1,0,0,0,0,0,1,39
1,0,0,69,69,0,0,0,0,1,0,0,0,0,0,1,39
1,0,0,72,72,0,0,0,0,1,0,0,0,0,0,1,39
1,0,0,79,79,0,0,0,0,1,0,0,0,0,0,1,39
1,0,0,62,62,0,0,0,0,1,0,0,0,0,0,1,39
1,0,0,75,75,0,0,0,0,1,0,0,0,0,0,1,39
1,0,0,81,81,0,0,0,0,1,0,0,0,0,0,1,39
1,0,0,79,79,0,0,0,0,1,0,0,0,0,0,1,39
1,76.5,77.2410340197825,85,77.2410340197825,2,6,0,0.14,1,0,0,0,0,0,1,39
1,0,0,72,72,0,0,0,0,1,0,0,0,0,0,1,39
1,86.5,87.8634001575997,90,87.8634001575997,3,6,0,0.14,1,0,0,0,0,0,1,39
1,94,0,94,94,2,1,0,0,1,1,0,0,0,0,1,39
1,0,0,89,89,0,0,0,0,1,0,0,0,0,0,1,39
1,0,0,89,89,0,0,0,0,1,0,0,0,0,0,1,39
1,0,0,87,87,0,0,0,0,1,0,0,0,0,0,1,39
1,0,0,74,74,0,0,0,0,1,0,0,0,0,0,1,39
1,0,0,80,80,0,0,0,0,1,0,0,0,0,0,1,39
1,0,0,70,70,0,0,0,0,1,0,0,0,0,0,1,39
1,0,0,95,95,0,0,0,0,1,0,0,0,0,0,1,39
1,0,0,72,72,0,0,0,0,1,0,0,0,0,0,1,39
1,0,0,63,63,0,0,0,0,1,0,0,0,0,0,1,39
1,78.5,100,84,84,2,2,0,0.32,1,0,0,0,0,0,1,39
1,0,0,74,74,0,0,0,0,1,0,0,0,0,0,1,39
1,0,0,68,68,0,0,0,0,1,0,0,0,0,0,1,39
1,0,0,83,83,0,0,0,0,1,0,0,0,0,0,1,39
1,0,0,88,88,0,0,0,0,1,0,0,0,0,0,1,39
1,0,0,77,77,0,0,0,0,1,0,0,0,0,0,1,39
1,0,0,72,72,0,0,0,0,1,0,0,0,0,0,1,39
1,73.5,74.4639007285409,90,74.4639007285409,3,6,0,0.14,1,0,0,0,0,0,1,39
1,0,0,62,62,0,0,0,0,1,0,0,0,0,0,1,39
1,0,0,90,90,0,0,0,0,1,0,0,0,0,0,1,39
1,0,0,78,78,0,0,0,0,1,0,0,0,0,0,1,39
1,0,0,63,63,0,0,0,0,1,0,0,0,0,0,1,39
1,0,0,76,76,0,0,0,0,1,0,0,0,0,0,1,39
1,0,0,60,60,0,0,0,0,1,0,0,0,0,0,1,39
1,0,0,62,62,0,0,0,0,1,0,0,0,0,0,1,39
1,75.5,76.3417576879133,82,76.3417576879133,4,6,0,0.28,1,0,0,0,0,0,1,39
1,0,0,69,69,0,0,0,0,1,0,0,0,0,0,1,39
1,0,0,84,84,0,0,0,0,1,0,0,0,0,0,1,39
1,0,0,75,75,0,0,0,0,1,0,0,0,0,0,1,39
1,0,0,82,82,0,0,0,0,1,0,0,0,0,0,1,39
2,0,0,90,90,0,0,0,0,1,0,0,0,0,0,1,50
2,0,0,83,83,0,0,0,0,1,0,0,0,0,0,1,50
2,0,0,99,99,0,0,0,0,1,0,0,0,0,0,1,50
2,91,0,91,91,2,1,0,0,1,1,0,0,0,0,1,50
2,0,0,94,94,0,0,0,0,1,0,0,0,0,0,1,50
2,0,0,85,85,0,0,0,0,1,0,0,0,0,0,1,50
2,0,0,100,100,0,0,0,0,1,0,0,0,0,0,1,50
2,0,0,86,86,0,0,0,0,1,0,0,0,0,0,1,50
2,0,0,88,88,0,0,0,0,1,0,0,0,0,0,1,50
2,95.5,100,100,100,2,6,0,0,1,0,0,0,0,0,1,50
2,0,0,100,100,0,0,0,0,1,0,0,0,0,0,1,50
2,0,0,81,81,0,0,0,0,1,0,0,0,0,0,1,50
2,0,0,86,86,0,0,0,0,1,0,0,0,0,0,1,50
2,0,0,99,99,0,0,0,0,1,0,0,0,0,0,1,50
2,0,0,100,100,0,0,0,0,1,0,0,0,0,0,1,50
2,0,0,75,75,0,0,0,0,1,0,0,0,0,0,0,34
2,0,0,90,90,0,0,0,0,1,0,0,0,0,0,0,34
2,0,0,91,91,0,0,0,0,1,0,0,0,0,0,0,34
2,0,0,94,94,0,0,0,0,1,0,0,0,0,0,0,34
2,0,0,71,71,0,0,0,0,1,0,0,0,0,0,0,34
2,0,0,100,100,0,0,0,0,1,0,0,0,0,0,0,34
2,0,0,76,76,0,0,0,0,1,0,0,0,0,0,0,34
2,0,0,82,82,0,0,0,0,1,0,0,0,0,0,0,34
2,0,0,100,100,0,0,0,0,1,0,0,0,0,0,0,34
2,0,0,85,85,0,0,0,0,1,0,0,0,0,0,0,34
2,0,0,84,84,0,0,0,0,1,0,0,0,0,0,0,34
2,0,0,99,99,0,0,0,0,1,0,0,0,0,0,0,34
2,0,0,89,89,0,0,0,0,1,0,0,0,0,0,0,34
2,0,0,84,84,0,0,0,0,1,0,0,0,0,0,0,34
2,0,0,82,82,0,0,0,0,1,0,0,0,0,0,0,34
2,0,0,76,76,0,0,0,0,1,0,0,0,0,0,0,34
2,0,0,90,90,0,0,0,0,1,0,0,0,0,0,0,34
2,0,0,81,81,0,0,0,0,1,0,0,0,0,0,0,34
2,81.5,83.8376801391673,100,83.8376801391673,2,5,0,0.28,1,0,0,0,0,0,0,34
2,0,0,98,98,0,0,0,0,1,0,0,0,0,0,0,34
2,0,0,80,80,0,0,0,0,1,0,0,0,0,0,0,34
2,0,0,82,82,0,0,0,0,1,0,0,0,0,0,0,34
2,0,0,79,79,0,0,0,0,1,0,0,0,0,0,0,34
2,0,0,84,84,0,0,0,0,1,0,0,0,0,0,0,34
2,0,0,85,85,0,0,0,0,1,0,0,0,0,0,0,34
2,0,0,60,60,0,0,0,0,1,0,0,0,0,0,0,34
2,0,0,100,100,0,0,0,0,1,0,0,0,0,0,0,34
2,0,0,58,58,0,0,0,0,1,0,0,0,0,0,0,34
2,0,0,100,100,0,0,0,0,1,0,0,0,0,0,0,34
2,0,0,65,65,0,0,0,0,1,0,0,0,0,0,0,34
2,0,0,85,85,0,0,0,0,1,0,0,0,0,0,0,34
2,0,0,89,89,0,0,0,0,1,0,0,0,0,0,0,34
2,0,0,92,92,0,0,0,0,1,0,0,0,0,0,0,34
2,0,0,100,100,0,0,0,0,1,0,0,0,0,0,0,34
2,0,0,94,94,0,0,0,0,1,0,0,0,0,0,0,34
2,61.5,100,69,69,2,1,0,0.18,1,0,1,741.392207335865,0,0,0,34
2,0,0,100,100,0,0,0,0,1,0,0,0,0,0,0,34
2,0,0,98,98,0,0,0,0,1,0,0,0,0,0,0,34
2,0,0,100,100,0,0,0,0,1,0,0,0,0,0,0,34
2,0,0,100,100,0,0,0,0,1,0,0,0,0,0,0,34
2,0,0,81,81,0,0,0,0,1,0,0,0,0,0,0,34
2,0,0,95,95,0,0,0,0,1,0,0,0,0,0,0,34
2,0,0,79,79,0,0,0,0,1,0,0,0,0,0,0,34
1,0,0,85,85,0,0,0,0,1,0,0,0,0,0,1,42
1,84.5,84.7218394543231,100,84.7218394543231,1,6,0,0.14,1,0,0,0,0,0,1,42
1,0,0,91,91,0,0,0,0,1,0,0,0,0,0,1,42
1,0,0,91,91,0,0,0,0,1,0,0,0,0,0,1,42
1,0,0,92,92,0,0,0,0,1,0,0,0,0,0,1,42
1,0,0,96,96,0,0,0,0,1,0,0,0,0,0,1,42
1,0,0,82,82,0,0,0,0,1,0,0,0,0,0,1,42
1,0,0,93,93,0,0,0,0,1,0,0,0,0,0,1,42
1,0,0,93,93,0,0,0,0,1,0,0,0,0,0,1,42
1,92.5,93.6638255449064,100,93.6638255449064,2,2,0,0.18,1,0,0,0,0,0,1,42
1,97.5,97.5411079536587,100,97.5411079536587,2,5,0,0.18,1,0,0,0,0,0,1,42
1,0,0,90,90,0,0,0,0,1,0,0,0,0,0,1,42
1,0,0,90,90,0,0,0,0,1,0,0,0,0,0,1,42
1,0,0,82,82,0,0,0,0,1,0,0,0,0,0,1,42
1,0,0,96,96,0,0,0,0,1,0,0,0,0,0,1,42
1,0,0,94,94,0,0,0,0,1,0,0,0,0,0,1,42
1,80.5,80.609211302139,95,80.609211302139,4,6,0,0.28,1,0,0,0,0,0,1,42
1,0,0,87,87,0,0,0,0,1,0,0,0,0,0,1,42
1,0,0,90,90,0,0,0,0,1,0,0,0,0,0,1,42
1,0,0,94,94,0,0,0,0,1,0,0,0,0,0,1,42
1,0,0,100,100,0,0,0,0,1,0,0,0,0,0,1,42
1,0,0,89,89,0,0,0,0,1,0,0,0,0,0,1,42
1,0,0,88,88,0,0,0,0,1,0,0,0,0,0,1,42
1,0,0,100,100,0,0,0,0,1,0,0,0,0,0,1,42
1,100,0,100,100,2,1,0,0,1,1,0,0,0,0,1,42
1,0,0,93,93,0,0,0,0,1,0,0,0,0,0,1,42
1,0,0,95,95,0,0,0,0,1,0,0,0,0,0,1,42
1,0,0,97,97,0,0,0,0,1,0,0,0,0,0,1,42
1,0,0,86,86,0,0,0,0,1,0,0,0,0,0,1,42
1,86.5,100,93,93,2,2,0,0,1,0,0,0,0,0,1,42
1,0,0,98,98,0,0,0,0,1,0,0,0,0,0,1,42
1,0,0,86,86,0,0,0,0,1,0,0,0,0,0,1,42
1,0,0,100,100,0,0,0,0,1,0,0,0,0,0,1,42
1,0,0,100,100,0,0,0,0,1,0,0,0,0,0,1,42
1,0,0,80,80,0,0,0,0,1,0,0,0,0,0,1,42
1,0,0,77,77,0,0,0,0,1,0,0,0,0,0,1,42
1,0,0,86,86,0,0,0,0,1,0,0,0,0,0,1,42
1,0,0,92,92,0,0,0,0,1,0,0,0,0,0,1,42
1,0,0,100,100,0,0,0,0,1,0,0,0,0,0,1,42
1,0,0,85,85,0,0,0,0,1,0,0,0,0,0,1,42
1,0,0,99,99,0,0,0,0,1,0,0,0,0,0,1,42
1,0,0,93,93,0,0,0,0,1,0,0,0,0,0,1,42
1,0,0,100,100,0,0,0,0,1,0,0,0,0,0,1,42
1,0,0,100,100,0,0,0,0,1,0,0,0,0,0,1,42
2,0,0,95,95,0,0,0,0,1,0,0,0,0,0,1,52
2,76.5,82.1026122581416,83,82.1026122581416,2,1,0,0.14,1,0,1,3.33302054113994,0,0,1,52
2,0,0,92,92,0,0,0,0,1,0,0,0,0,0,1,52
2,0,0,98,98,0,0,0,0,1,0,0,0,0,0,1,52
2,0,0,92,92,0,0,0,0,1,0,0,0,0,0,1,52
2,0,0,82,82,0,0,0,0,1,0,0,0,0,0,1,52
2,0,0,82,82,0,0,0,0,1,0,0,0,0,0,1,52
2,89.5,90.0521373748087,100,90.0521373748087,4,4,0,0.28,1,0,0,0,0,0,1,52
2,0,0,98,98,0,0,0,0,1,0,0,0,0,0,1,52
2,0,0,98,98,0,0,0,0,1,0,0,0,0,0,1,52
2,0,0,92,92,0,0,0,0,1,0,0,0,0,0,1,52
2,0,0,94,94,0,0,0,0,1,0,0,0,0,0,1,52
2,0,0,69,69,0,0,0,0,1,0,0,0,0,0,1,52
2,0,0,78,78,0,0,0,0,1,0,0,0,0,0,1,52
2,0,0,67,67,0,0,0,0,1,0,0,0,0,0,1,52
2,0,0,99,99,0,0,0,0,1,0,0,0,0,0,1,52
2,0,0,81,81,0,0,0,0,1,0,0,0,0,0,1,52
2,0,0,97,97,0,0,0,0,1,0,0,0,0,0,1,52
2,0,0,95,95,0,0,0,0,1,0,0,0,0,0,1,52
2,0,0,71,71,0,0,0,0,1,0,0,0,0,0,1,52
2,0,0,94,94,0,0,0,0,1,0,0,0,0,0,1,52
2,74.5,74.6229437199202,87,74.6229437199202,1,5,0,0.28,1,0,1,0.0513129483782848,0,0,1,52
2,78.5,80.0902345874587,91,80.0902345874587,3,3,0,0.14,1,0,0,0,0,0,1,52
2,0,0,93,93,0,0,0,0,1,0,0,0,0,0,1,52
2,0,0,72,72,0,0,0,0,1,0,0,0,0,0,1,52
2,0,0,100,100,0,0,0,0,1,0,0,0,0,0,1,52
2,0,0,94,94,0,0,0,0,1,0,0,0,0,0,1,52
2,83,0,83,83,2,1,0,0,1,1,0,0,0,0,1,52
2,0,0,85,85,0,0,0,0,1,0,0,0,0,0,1,52
2,0,0,91,91,0,0,0,0,1,0,0,0,0,0,1,52
2,64.5,86.4528799438908,87,86.4528799438908,2,1,0,0.32,1,0,1,21.9528799438909,0,0,1,52
2,0,0,100,100,0,0,0,0,1,0,0,0,0,0,1,52
2,83.5,84.7449228779611,100,84.7449228779611,2,6,0,0.32,1,0,0,0,0,0,1,52
2,96.5,100,97,97,3,1,0,0.18,1,0,0,0,0,0,1,52
2,0,0,77,77,0,0,0,0,1,0,0,0,0,0,1,52
2,67.5,68.3514372522816,82,68.3514372522816,1,5,0,0.32,1,0,0,0,0,0,1,52
2,0,0,94,94,0,0,0,0,1,0,0,0,0,0,1,52
2,80.5,80.6049419694397,90,80.6049419694397,4,6,0,0.14,1,0,0,0,0,0,1,52
2,0,0,73,73,0,0,0,0,1,0,0,0,0,0,1,52
2,97.5,97.6041321708457,100,97.6041321708457,4,6,0,0.14,1,0,0,0,0,0,1,52
2,0,0,100,100,0,0,0,0,1,0,0,0,0,0,1,52
2,0,0,83,83,0,0,0,0,1,0,0,0,0,0,1,52
2,0,0,99,99,0,0,0,0,1,0,0,0,0,0,1,52
2,0,0,95,95,0,0,0,0,1,0,0,0,0,0,1,52
2,0,0,97,97,0,0,0,0,1,0,0,0,0,0,1,52
2,0,0,95,95,0,0,0,0,1,0,0,0,0,0,1,52
2,0,0,97,97,0,0,0,0,1,0,0,0,0,0,1,52
2,0,0,100,100,0,0,0,0,1,0,0,0,0,0,1,52
2,0,0,68,68,0,0,0,0,1,0,0,0,0,0,1,52
2,88.5,98.0246915035527,96,96,2,1,0,0.18,1,0,0,0,0,0,1,52
2,0,0,70,70,0,0,0,0,1,0,0,0,0,0,1,52
2,0,0,91,91,0,0,0,0,1,0,0,0,0,0,1,52
2,67.5,81.0281501110672,89,81.0281501110672,2,1,0,0.32,1,0,1,13.5281501110672,0,0,1,52
2,0,0,85,85,0,0,0,0,1,0,0,0,0,0,1,52
2,0,0,91,91,0,0,0,0,1,0,0,0,0,0,1,52
2,80.5,91.1192495189064,93,91.1192495189064,2,2,0,0.18,1,0,0,0,0,0,1,52
2,0,0,73,73,0,0,0,0,1,0,0,0,0,0,1,52
2,0,0,91,91,0,0,0,0,1,0,0,0,0,0,1,52
2,0,0,93,93,0,0,0,0,1,0,0,0,0,0,1,52
2,0,0,87,87,0,0,0,0,1,0,0,0,0,0,1,52
2,89.5,90.0299813919288,100,90.0299813919288,2,1,0,0.14,1,0,0,0,0,0,1,52
2,0,0,80,80,0,0,0,0,1,0,0,0,0,0,1,52
2,0,0,100,100,0,0,0,0,1,0,0,0,0,0,1,52
2,0,0,95,95,0,0,0,0,1,0,0,0,0,0,1,52
2,70.5,70.6109130001144,99,70.6109130001144,1,3,0,0.32,1,0,1,0.0934523249496704,0,0,1,52
2,92.5,92.8663393894061,100,92.8663393894061,2,1,0,0.18,1,0,0,0,0,0,1,52
2,0,0,91,91,0,0,0,0,1,0,0,0,0,0,1,52
2,0,0,69,69,0,0,0,0,1,0,0,0,0,0,1,52
2,72.5,73.6228908075555,79,73.6228908075555,4,4,0,0.28,1,0,1,0.380677550610894,0,0,1,52
2,0,0,72,72,0,0,0,0,1,0,0,0,0,0,1,52
2,0,0,82,82,0,0,0,0,1,0,0,0,0,0,1,52
2,91.5,91.5879850513278,92,91.5879850513278,4,6,0,0.14,1,0,0,0,0,0,1,52
2,0,0,100,100,0,0,0,0,1,0,0,0,0,0,1,52
2,0,0,82,82,0,0,0,0,1,0,0,0,0,0,1,52
2,85.5,100,93,93,2,1,0,0.18,1,0,0,0,0,0,1,52
2,0,0,66,66,0,0,0,0,1,0,0,0,0,0,1,52
2,0,0,75,75,0,0,0,0,1,0,0,0,0,0,1,52
2,0,0,77,77,0,0,0,0,1,0,0,0,0,0,1,52
2,64.5,100,68,68,3,1,0,0,1,0,1,78.0651570696277,0,0,1,52
2,83.5,83.6305987023456,97,83.6305987023456,4,6,0,0.14,1,0,0,0,0,0,1,52
2,0,0,84,84,0,0,0,0,1,0,0,0,0,0,1,52
2,0,0,90,90,0,0,0,0,1,0,0,0,0,0,1,52
2,0,0,92,92,0,0,0,0,1,0,0,0,0,0,1,52
2,78.5,80.8093049807975,82,80.8093049807975,1,6,0,0,1,0,0,0,0,0,1,52
2,0,0,96,96,0,0,0,0,1,0,0,0,0,0,1,52
2,0,0,78,78,0,0,0,0,1,0,0,0,0,0,1,52
2,0,0,96,96,0,0,0,0,1,0,0,0,0,0,1,52
2,0,0,99,99,0,0,0,0,1,0,0,0,0,0,1,52
2,0,0,75,75,0,0,0,0,1,0,0,0,0,0,1,52
1,0,0,78,78,0,0,0,0,1,0,0,0,0,0,1,48
1,0,0,84,84,0,0,0,0,1,0,0,0,0,0,1,48
1,0,0,100,100,0,0,0,0,1,0,0,0,0,0,1,48
1,89.5,91.2178201190403,92,91.2178201190403,2,2,0,0.28,1,0,0,0,0,0,1,48
1,0,0,82,82,0,0,0,0,1,0,0,0,0,0,1,48
1,0,0,94,94,0,0,0,0,1,0,0,0,0,0,1,48
1,0,0,85,85,0,0,0,0,1,0,0,0,0,0,1,48
1,0,0,81,81,0,0,0,0,1,0,0,0,0,0,1,48
1,0,0,85,85,0,0,0,0,1,0,0,0,0,0,1,48
1,0,0,86,86,0,0,0,0,1,0,0,0,0,0,1,48
1,0,0,81,81,0,0,0,0,1,0,0,0,0,0,1,48
1,0,0,90,90,0,0,0,0,1,0,0,0,0,0,1,48
1,0,0,98,98,0,0,0,0,1,0,0,0,0,0,1,48
1,77.5,77.6297614157026,89,77.6297614157026,3,1,0,0.18,1,0,0,0,0,0,1,48
1,0,0,92,92,0,0,0,0,1,0,0,0,0,0,1,48
1,0,0,90,90,0,0,0,0,1,0,0,0,0,0,1,48
1,0,0,78,78,0,0,0,0,1,0,0,0,0,0,1,48
1,0,0,100,100,0,0,0,0,1,0,0,0,0,0,1,48
1,0,0,87,87,0,0,0,0,1,0,0,0,0,0,1,48
1,0,0,87,87,0,0,0,0,1,0,0,0,0,0,1,48
1,0,0,100,100,0,0,0,0,1,0,0,0,0,0,1,48
1,0,0,88,88,0,0,0,0,1,0,0,0,0,0,1,48
1,0,0,78,78,0,0,0,0,1,0,0,0,0,0,1,48
1,0,0,97,97,0,0,0,0,1,0,0,0,0,0,1,48
1,0,0,80,80,0,0,0,0,1,0,0,0,0,0,1,48
1,0,0,93,93,0,0,0,0,1,0,0,0,0,0,1,48
1,0,0,85,85,0,0,0,0,1,0,0,0,0,0,1,48
1,0,0,82,82,0,0,0,0,1,0,0,0,0,0,1,48
1,0,0,94,94,0,0,0,0,1,0,0,0,0,0,1,48
1,89.5,91.865043542676,99,91.865043542676,3,5,0,0.18,1,0,0,0,0,0,1,48
1,0,0,82,82,0,0,0,0,1,0,0,0,0,0,1,48
1,0,0,83,83,0,0,0,0,1,0,0,0,0,0,1,48
1,0,0,100,100,0,0,0,0,1,0,0,0,0,0,1,48
1,0,0,84,84,0,0,0,0,1,0,0,0,0,0,1,48
1,0,0,100,100,0,0,0,0,1,0,0,0,0,0,1,48
1,0,0,89,89,0,0,0,0,1,0,0,0,0,0,1,48
1,0,0,96,96,0,0,0,0,1,0,0,0,0,0,1,48
1,0,0,79,79,0,0,0,0,1,0,0,0,0,0,1,48
1,0,0,88,88,0,0,0,0,1,0,0,0,0,0,1,48
1,0,0,84,84,0,0,0,0,1,0,0,0,0,0,1,48
1,0,0,100,100,0,0,0,0,1,0,0,0,0,0,1,48
1,0,0,84,84,0,0,0,0,1,0,0,0,0,0,1,48
1,0,0,89,89,0,0,0,0,1,0,0,0,0,0,1,48
1,0,0,81,81,0,0,0,0,1,0,0,0,0,0,1,48
1,0,0,93,93,0,0,0,0,1,0,0,0,0,0,1,48
1,91.5,91.7540479036457,100,91.7540479036457,2,6,0,0.28,1,0,0,0,0,0,1,48
1,0,0,82,82,0,0,0,0,1,0,0,0,0,0,1,48
1,0,0,87,87,0,0,0,0,1,0,0,0,0,0,1,48
1,0,0,94,94,0,0,0,0,1,0,0,0,0,0,1,48
1,0,0,94,94,0,0,0,0,1,0,0,0,0,0,1,48
1,0,0,82,82,0,0,0,0,1,0,0,0,0,0,1,48
1,0,0,85,85,0,0,0,0,1,0,0,0,0,0,1,48
1,0,0,87,87,0,0,0,0,1,0,0,0,0,0,1,48
1,0,0,81,81,0,0,0,0,1,0,0,0,0,0,1,48
1,0,0,85,85,0,0,0,0,1,0,0,0,0,0,1,48
1,0,0,90,90,0,0,0,0,1,0,0,0,0,0,1,48
1,87.5,89.1069642593813,88,88,4,4,0,0.46,1,0,0,0,0,0,1,48
1,0,0,85,85,0,0,0,0,1,0,0,0,0,0,1,48
1,0,0,91,91,0,0,0,0,1,0,0,0,0,0,1,48
1,0,0,77,77,0,0,0,0,1,0,0,0,0,0,1,48
1,0,0,86,86,0,0,0,0,1,0,0,0,0,0,1,48
1,77.5,100,94,94,2,2,0,0.28,1,0,1,217.264134760835,0,0,1,48
1,0,0,84,84,0,0,0,0,1,0,0,0,0,0,1,48
1,0,0,88,88,0,0,0,0,1,0,0,0,0,0,1,48
1,0,0,86,86,0,0,0,0,1,0,0,0,0,0,1,48
1,0,0,100,100,0,0,0,0,1,0,0,0,0,0,1,48
1,0,0,91,91,0,0,0,0,1,0,0,0,0,0,1,48
1,0,0,77,77,0,0,0,0,1,0,0,0,0,0,1,48
1,0,0,82,82,0,0,0,0,1,0,0,0,0,0,1,48
1,0,0,78,78,0,0,0,0,1,0,0,0,0,0,1,48
1,0,0,84,84,0,0,0,0,1,0,0,0,0,0,1,48
2,0,0,91,91,0,0,0,0,1,0,0,0,0,0,1,49
2,0,0,80,80,0,0,0,0,1,0,0,0,0,0,1,49
2,0,0,84,84,0,0,0,0,1,0,0,0,0,0,1,49
2,0,0,88,88,0,0,0,0,1,0,0,0,0,0,1,49
2,0,0,92,92,0,0,0,0,1,0,0,0,0,0,1,49
2,0,0,84,84,0,0,0,0,1,0,0,0,0,0,1,49
2,0,0,89,89,0,0,0,0,1,0,0,0,0,0,1,49
2,0,0,92,92,0,0,0,0,1,0,0,0,0,0,1,49
2,0,0,73,73,0,0,0,0,1,0,0,0,0,0,1,49
2,0,0,82,82,0,0,0,0,1,0,0,0,0,0,1,49
2,0,0,73,73,0,0,0,0,1,0,0,0,0,0,1,49
2,0,0,75,75,0,0,0,0,1,0,0,0,0,0,1,49
2,0,0,91,91,0,0,0,0,1,0,0,0,0,0,1,49
2,0,0,96,96,0,0,0,0,1,0,0,0,0,0,1,49
2,72.5,86.2101425391757,86,86,2,2,0,0.18,1,0,1,13.7101425391757,0,0,1,49
2,0,0,87,87,0,0,0,0,1,0,0,0,0,0,1,49
2,0,0,96,96,0,0,0,0,1,0,0,0,0,0,1,49
2,0,0,85,85,0,0,0,0,1,0,0,0,0,0,1,49
2,73.5,82.6074773658309,83,82.6074773658309,4,1,0,0.32,1,0,1,9.10747736583088,0,0,1,49
2,0,0,81,81,0,0,0,0,1,0,0,0,0,0,1,49
2,0,0,89,89,0,0,0,0,1,0,0,0,0,0,1,49
2,0,0,95,95,0,0,0,0,1,0,0,0,0,0,1,49
2,0,0,90,90,0,0,0,0,1,0,0,0,0,0,1,49
2,0,0,100,100,0,0,0,0,1,0,0,0,0,0,1,49
2,0,0,100,100,0,0,0,0,1,0,0,0,0,0,1,49
2,0,0,94,94,0,0,0,0,1,0,0,0,0,0,1,49
2,0,0,86,86,0,0,0,0,1,0,0,0,0,0,1,49
2,0,0,94,94,0,0,0,0,1,0,0,0,0,0,1,49
2,0,0,92,92,0,0,0,0,1,0,0,0,0,0,1,49
2,0,0,85,85,0,0,0,0,1,0,0,0,0,0,1,49
2,0,0,88,88,0,0,0,0,1,0,0,0,0,0,1,49
2,0,0,91,91,0,0,0,0,1,0,0,0,0,0,1,49
2,0,0,79,79,0,0,0,0,1,0,0,0,0,0,1,49
2,0,0,77,77,0,0,0,0,1,0,0,0,0,0,1,49
2,0,0,95,95,0,0,0,0,1,0,0,0,0,0,1,49
2,0,0,82,82,0,0,0,0,1,0,0,0,0,0,1,49
2,0,0,94,94,0,0,0,0,1,0,0,0,0,0,1,49
2,0,0,85,85,0,0,0,0,1,0,0,0,0,0,1,49
2,0,0,86,86,0,0,0,0,1,0,0,0,0,0,1,49
2,75.5,77.4118483725935,96,77.4118483725935,3,5,0,0,1,0,1,1.9118483725935,0,0,1,47
2,87.5,87.712356552893,99,87.712356552893,1,6,0,0.28,1,0,0,0,0,0,1,47
2,0,0,94,94,0,0,0,0,1,0,0,0,0,0,1,47
2,94.5,94.9075828522465,100,94.9075828522465,3,6,0,0.14,1,0,0,0,0,0,1,47
2,0,0,89,89,0,0,0,0,1,0,0,0,0,0,1,47
2,0,0,87,87,0,0,0,0,1,0,0,0,0,0,1,47
2,0,0,77,77,0,0,0,0,1,0,0,0,0,0,1,47
2,0,0,100,100,0,0,0,0,1,0,0,0,0,0,1,47
2,0,0,90,90,0,0,0,0,1,0,0,0,0,0,1,47
2,0,0,83,83,0,0,0,0,1,0,0,0,0,0,1,47
2,0,0,77,77,0,0,0,0,1,0,0,0,0,0,1,47
2,0,0,89,89,0,0,0,0,1,0,0,0,0,0,1,47
2,0,0,85,85,0,0,0,0,1,0,0,0,0,0,1,47
2,90.5,100,100,100,2,2,0,0.32,1,0,0,0,0,0,1,47
2,0,0,89,89,0,0,0,0,1,0,0,0,0,0,1,47
2,0,0,77,77,0,0,0,0,1,0,0,0,0,0,1,47
2,0,0,77,77,0,0,0,0,1,0,0,0,0,0,1,47
2,0,0,95,95,0,0,0,0,1,0,0,0,0,0,1,47
2,0,0,81,81,0,0,0,0,1,0,0,0,0,0,1,47
2,0,0,93,93,0,0,0,0,1,0,0,0,0,0,1,47
2,0,0,90,90,0,0,0,0,1,0,0,0,0,0,1,47
2,0,0,94,94,0,0,0,0,1,0,0,0,0,0,1,47
2,0,0,91,91,0,0,0,0,1,0,0,0,0,0,1,47
2,0,0,100,100,0,0,0,0,1,0,0,0,0,0,1,47
2,0,0,100,100,0,0,0,0,1,0,0,0,0,0,1,47
2,0,0,85,85,0,0,0,0,1,0,0,0,0,0,1,47
2,0,0,99,99,0,0,0,0,1,0,0,0,0,0,1,47
2,78.5,81.025036842774,86,81.025036842774,3,1,0,0.18,1,0,0,0,0,0,1,47
2,0,0,100,100,0,0,0,0,1,0,0,0,0,0,1,47
2,0,0,92,92,0,0,0,0,1,0,0,0,0,0,1,47
2,0,0,100,100,0,0,0,0,1,0,0,0,0,0,1,47
2,0,0,91,91,0,0,0,0,1,0,0,0,0,0,1,47
2,0,0,89,89,0,0,0,0,1,0,0,0,0,0,1,47
2,0,0,88,88,0,0,0,0,1,0,0,0,0,0,1,47
2,0,0,81,81,0,0,0,0,1,0,0,0,0,0,1,47
2,0,0,91,91,0,0,0,0,1,0,0,0,0,0,1,47
2,0,0,82,82,0,0,0,0,1,0,0,0,0,0,1,47
2,0,0,100,100,0,0,0,0,1,0,0,0,0,0,1,47
2,0,0,89,89,0,0,0,0,1,0,0,0,0,0,1,47
2,86.5,86.6601601683243,100,86.6601601683243,4,6,0,0.28,1,0,0,0,0,0,1,47
2,0,0,90,90,0,0,0,0,1,0,0,0,0,0,1,47
2,0,0,100,100,0,0,0,0,1,0,0,0,0,0,1,47
2,0,0,77,77,0,0,0,0,1,0,0,0,0,0,1,47
2,0,0,82,82,0,0,0,0,1,0,0,0,0,0,1,47
2,0,0,83,83,0,0,0,0,1,0,0,0,0,0,1,47
2,0,0,93,93,0,0,0,0,1,0,0,0,0,0,1,47
2,0,0,100,100,0,0,0,0,1,0,0,0,0,0,1,47
2,0,0,100,100,0,0,0,0,1,0,0,0,0,0,1,47
2,0,0,86,86,0,0,0,0,1,0,0,0,0,0,1,47
1,0,0,91,91,0,0,0,0,1,0,0,0,0,0,0,35
1,0,0,68,68,0,0,0,0,1,0,0,0,0,0,0,35
1,0,0,71,71,0,0,0,0,1,0,0,0,0,0,0,35
1,0,0,87,87,0,0,0,0,1,0,0,0,0,0,0,35
1,0,0,82,82,0,0,0,0,1,0,0,0,0,0,0,35
1,0,0,80,80,0,0,0,0,1,0,0,0,0,0,0,35
1,0,0,79,79,0,0,0,0,1,0,0,0,0,0,0,35
1,0,0,90,90,0,0,0,0,1,0,0,0,0,0,0,35
1,0,0,95,95,0,0,0,0,1,0,0,0,0,0,0,35
1,0,0,70,70,0,0,0,0,1,0,0,0,0,0,0,35
1,0,0,69,69,0,0,0,0,1,0,0,0,0,0,0,35
1,0,0,99,99,0,0,0,0,1,0,0,0,0,0,0,35
1,0,0,97,97,0,0,0,0,1,0,0,0,0,0,0,35
1,0,0,92,92,0,0,0,0,1,0,0,0,0,0,0,35
1,0,0,94,94,0,0,0,0,1,0,0,0,0,0,0,35
1,0,0,90,90,0,0,0,0,1,0,0,0,0,0,0,35
1,0,0,82,82,0,0,0,0,1,0,0,0,0,0,0,35
1,0,0,86,86,0,0,0,0,1,0,0,0,0,0,0,35
1,0,0,87,87,0,0,0,0,1,0,0,0,0,0,0,35
1,0,0,80,80,0,0,0,0,1,0,0,0,0,0,0,35
1,0,0,90,90,0,0,0,0,1,0,0,0,0,0,0,35
1,0,0,82,82,0,0,0,0,1,0,0,0,0,0,0,35
1,0,0,83,83,0,0,0,0,1,0,0,0,0,0,0,35
1,0,0,66,66,0,0,0,0,1,0,0,0,0,0,0,35
1,0,0,99,99,0,0,0,0,1,0,0,0,0,0,0,35
1,0,0,66,66,0,0,0,0,1,0,0,0,0,0,0,35
1,0,0,85,85,0,0,0,0,1,0,0,0,0,0,0,35
1,0,0,63,63,0,0,0,0,1,0,0,0,0,0,0,35
1,0,0,76,76,0,0,0,0,1,0,0,0,0,0,0,35
1,0,0,93,93,0,0,0,0,1,0,0,0,0,0,0,35
1,0,0,100,100,0,0,0,0,1,0,0,0,0,0,0,35
1,0,0,67,67,0,0,0,0,1,0,0,0,0,0,0,35
1,0,0,94,94,0,0,0,0,1,0,0,0,0,0,0,32
1,0,0,84,84,0,0,0,0,1,0,0,0,0,0,0,32
1,0,0,87,87,0,0,0,0,1,0,0,0,0,0,0,32
1,0,0,81,81,0,0,0,0,1,0,0,0,0,0,0,32
1,0,0,86,86,0,0,0,0,1,0,0,0,0,0,0,32
1,83.5,84.5597613814004,89,84.5597613814004,4,6,0,0.14,1,0,0,0,0,0,0,32
1,92,0,92,92,2,1,0,0,1,1,0,0,0,0,0,32
1,84.5,86.1293944203328,90,86.1293944203328,1,6,0,0.14,1,0,0,0,0,0,0,32
1,0,0,69,69,0,0,0,0,1,0,0,0,0,0,0,32
1,60.5,66.6189573159229,72,66.6189573159229,4,1,0,0.18,1,0,0,0,0,0,0,32
1,0,0,100,100,0,0,0,0,1,0,0,0,0,0,0,32
1,0,0,100,100,0,0,0,0,1,0,0,0,0,0,0,32
1,0,0,94,94,0,0,0,0,1,0,0,0,0,0,0,32
1,0,0,100,100,0,0,0,0,1,0,0,0,0,0,0,32
1,80.5,82.4874330451569,100,82.4874330451569,3,2,0,0.18,1,0,0,0,0,0,0,32
1,0,0,75,75,0,0,0,0,1,0,0,0,0,0,0,32
1,0,0,78,78,0,0,0,0,1,0,0,0,0,0,0,32
1,0,0,76,76,0,0,0,0,1,0,0,0,0,0,0,32
1,0,0,100,100,0,0,0,0,1,0,0,0,0,0,0,32
1,0,0,100,100,0,0,0,0,1,0,0,0,0,0,0,32
1,0,0,97,97,0,0,0,0,1,0,0,0,0,0,0,32
1,0,0,91,91,0,0,0,0,1,0,0,0,0,0,0,32
1,0,0,97,97,0,0,0,0,1,0,0,0,0,0,0,32
1,0,0,99,99,0,0,0,0,1,0,0,0,0,0,0,32
1,0,0,91,91,0,0,0,0,1,0,0,0,0,0,0,32
1,83.5,84.452094122725,89,84.452094122725,4,3,0,0.32,1,0,0,0,0,0,0,32
1,0,0,100,100,0,0,0,0,1,0,0,0,0,0,0,32
1,95.5,99.2350604582709,100,99.2350604582709,2,1,0,0.18,1,0,0,0,0,0,0,32
1,0,0,63,63,0,0,0,0,1,0,0,0,0,0,0,32
1,96.5,96.7564786047974,100,96.7564786047974,4,5,0,0.18,1,0,0,0,0,0,0,32
1,0,0,100,100,0,0,0,0,1,0,0,0,0,0,0,32
1,0,0,78,78,0,0,0,0,1,0,0,0,0,0,0,32
1,82.5,82.7597553403584,100,82.7597553403584,4,6,0,0.32,1,0,0,0,0,0,0,32
1,79.5,80.825341349749,100,80.825341349749,1,6,0,0.28,1,0,0,0,0,0,0,32
1,0,0,96,96,0,0,0,0,1,0,0,0,0,0,0,32
1,0,0,78,78,0,0,0,0,1,0,0,0,0,0,0,32
1,0,0,100,100,0,0,0,0,1,0,0,0,0,0,0,32
1,0,0,98,98,0,0,0,0,1,0,0,0,0,0,0,32
1,0,0,79,79,0,0,0,0,1,0,0,0,0,0,0,32
1,0,0,90,90,0,0,0,0,1,0,0,0,0,0,0,32
1,0,0,97,97,0,0,0,0,1,0,0,0,0,0,0,32
1,0,0,74,74,0,0,0,0,1,0,0,0,0,0,0,32
1,78.5,80.9653633543838,100,80.9653633543838,2,5,0,0.32,1,0,0,0,0,0,0,32
1,0,0,100,100,0,0,0,0,1,0,0,0,0,0,0,32
1,0,0,82,82,0,0,0,0,1,0,0,0,0,0,0,32
1,0,0,100,100,0,0,0,0,1,0,0,0,0,0,0,32
1,0,0,92,92,0,0,0,0,1,0,0,0,0,0,0,32
1,0,0,99,99,0,0,0,0,1,0,0,0,0,0,0,32
1,0,0,100,100,0,0,0,0,1,0,0,0,0,0,0,32
1,0,0,87,87,0,0,0,0,1,0,0,0,0,0,0,32
1,0,0,98,98,0,0,0,0,1,0,0,0,0,0,0,32
1,0,0,95,95,0,0,0,0,1,0,0,0,0,0,0,32
1,97.5,100,98,98,2,5,0,0.18,1,0,0,0,0,0,0,32
1,0,0,100,100,0,0,0,0,1,0,0,0,0,0,0,32
1,0,0,100,100,0,0,0,0,1,0,0,0,0,0,0,32
1,91.5,91.7940704212519,100,91.7940704212519,2,6,0,0.28,1,0,0,0,0,0,0,32
1,0,0,98,98,0,0,0,0,1,0,0,0,0,0,0,32
1,0,0,92,92,0,0,0,0,1,0,0,0,0,0,0,32
1,0,0,90,90,0,0,0,0,1,0,0,0,0,0,0,32
1,0,0,68,68,0,0,0,0,1,0,0,0,0,0,0,32
1,0,0,88,88,0,0,0,0,1,0,0,0,0,0,0,32
1,0,0,87,87,0,0,0,0,1,0,0,0,0,0,0,32
1,0,0,89,89,0,0,0,0,1,0,0,0,0,0,0,32
1,0,0,100,100,0,0,0,0,1,0,0,0,0,0,0,32
1,0,0,90,90,0,0,0,0,1,0,0,0,0,0,0,32
1,0,0,77,77,0,0,0,0,1,0,0,0,0,0,0,32
1,0,0,71,71,0,0,0,0,1,0,0,0,0,0,0,32
1,0,0,100,100,0,0,0,0,1,0,0,0,0,0,0,32
1,0,0,76,76,0,0,0,0,1,0,0,0,0,0,0,32
1,0,0,100,100,0,0,0,0,1,0,0,0,0,0,0,32
1,0,0,67,67,0,0,0,0,1,0,0,0,0,0,0,32
1,0,0,100,100,0,0,0,0,1,0,0,0,0,0,0,32
1,0,0,82,82,0,0,0,0,1,0,0,0,0,0,0,32
1,64.5,68.213836674037,92,68.213836674037,2,3,0,0.28,1,0,1,3.713836674037,0,0,0,32
1,93,0,93,93,2,1,0,0,1,1,0,0,0,0,0,32
1,0,0,74,74,0,0,0,0,1,0,0,0,0,0,0,32
2,76.5,85.8170529026265,100,85.8170529026265,2,1,0,0.46,1,0,1,9.3170529026265,0,0,1,54
2,62.5,100,95,95,2,1,0,0.28,1,0,1,55.9415272018215,0,0,1,54
2,0,0,96,96,0,0,0,0,1,0,0,0,0,0,1,54
2,0,0,66,66,0,0,0,0,1,0,0,0,0,0,1,54
2,0,0,83,83,0,0,0,0,1,0,0,0,0,0,1,54
2,0,0,88,88,0,0,0,0,1,0,0,0,0,0,1,54
2,0,0,100,100,0,0,0,0,1,0,0,0,0,0,1,54
2,0,0,91,91,0,0,0,0,1,0,0,0,0,0,1,54
2,0,0,94,94,0,0,0,0,1,0,0,0,0,0,1,54
2,0,0,91,91,0,0,0,0,1,0,0,0,0,0,1,54
2,0,0,90,90,0,0,0,0,1,0,0,0,0,0,1,54
2,0,0,88,88,0,0,0,0,1,0,0,0,0,0,1,54
2,0,0,99,99,0,0,0,0,1,0,0,0,0,0,1,54
2,0,0,100,100,0,0,0,0,1,0,0,0,0,0,1,54
2,0,0,100,100,0,0,0,0,1,0,0,0,0,0,1,54
2,0,0,91,91,0,0,0,0,1,0,0,0,0,0,1,54
2,0,0,90,90,0,0,0,0,1,0,0,0,0,0,1,54
2,75.5,100,100,100,4,1,0,0.18,1,0,1,78.5652370337381,0,0,1,54
2,0,0,87,87,0,0,0,0,1,0,0,0,0,0,1,54
2,0,0,83,83,0,0,0,0,1,0,0,0,0,0,1,54
2,0,0,100,100,0,0,0,0,1,0,0,0,0,0,1,54
2,0,0,72,72,0,0,0,0,1,0,0,0,0,0,1,54
2,62.5,65.6361588001289,91,65.6361588001289,3,1,0,0.18,1,0,1,2.83592826679026,0,0,1,54
2,0,0,73,73,0,0,0,0,1,0,0,0,0,0,1,54
2,0,0,87,87,0,0,0,0,1,0,0,0,0,0,1,54
2,0,0,85,85,0,0,0,0,1,0,0,0,0,0,1,54
2,0,0,76,76,0,0,0,0,1,0,0,0,0,0,1,54
2,0,0,87,87,0,0,0,0,1,0,0,0,0,0,1,54
2,0,0,87,87,0,0,0,0,1,0,0,0,0,0,1,54
2,0,0,86,86,0,0,0,0,1,0,0,0,0,0,1,54
2,0,0,100,100,0,0,0,0,1,0,0,0,0,0,1,54
2,0,0,100,100,0,0,0,0,1,0,0,0,0,0,1,54
2,0,0,81,81,0,0,0,0,1,0,0,0,0,0,1,54
2,0,0,76,76,0,0,0,0,1,0,0,0,0,0,1,54
2,0,0,87,87,0,0,0,0,1,0,0,0,0,0,1,54
2,0,0,93,93,0,0,0,0,1,0,0,0,0,0,1,54
2,0,0,100,100,0,0,0,0,1,0,0,0,0,0,1,54
2,65.5,70.2956350552166,77,70.2956350552166,3,1,0,0.18,1,0,0,0,0,0,1,54
2,0,0,100,100,0,0,0,0,1,0,0,0,0,0,1,54
2,0,0,87,87,0,0,0,0,1,0,0,0,0,0,1,54
2,62.5,100,100,100,2,1,0,0,1,0,1,106.102612846637,0,0,1,54
2,0,0,100,100,0,0,0,0,1,0,0,0,0,0,1,54
2,68.5,83.0086015965387,100,83.0086015965387,2,1,0,0.14,1,0,1,14.5086015965387,0,0,1,54
2,0,0,86,86,0,0,0,0,1,0,0,0,0,0,1,54
2,0,0,87,87,0,0,0,0,1,0,0,0,0,0,1,54
2,0,0,92,92,0,0,0,0,1,0,0,0,0,0,1,54
2,0,0,90,90,0,0,0,0,1,0,0,0,0,0,1,54
2,0,0,87,87,0,0,0,0,1,0,0,0,0,0,1,54
2,0,0,77,77,0,0,0,0,1,0,0,0,0,0,1,54
2,0,0,84,84,0,0,0,0,1,0,0,0,0,0,1,54
2,0,0,83,83,0,0,0,0,1,0,0,0,0,0,1,54
2,0,0,100,100,0,0,0,0,1,0,0,0,0,0,1,54
2,0,0,95,95,0,0,0,0,1,0,0,0,0,0,1,54
2,0,0,95,95,0,0,0,0,1,0,0,0,0,0,1,54
2,0,0,90,90,0,0,0,0,1,0,0,0,0,0,1,54
2,0,0,73,73,0,0,0,0,1,0,0,0,0,0,1,54
2,0,0,87,87,0,0,0,0,1,0,0,0,0,0,1,54
2,0,0,95,95,0,0,0,0,1,0,0,0,0,0,1,54
2,0,0,86,86,0,0,0,0,1,0,0,0,0,0,1,54
2,0,0,86,86,0,0,0,0,1,0,0,0,0,0,1,54
2,0,0,89,89,0,0,0,0,1,0,0,0,0,0,1,54
2,0,0,88,88,0,0,0,0,1,0,0,0,0,0,1,54
2,0,0,100,100,0,0,0,0,1,0,0,0,0,0,1,54
2,0,0,97,97,0,0,0,0,1,0,0,0,0,0,1,54
2,0,0,80,80,0,0,0,0,1,0,0,0,0,0,1,54
2,0,0,83,83,0,0,0,0,1,0,0,0,0,0,1,54
2,0,0,96,96,0,0,0,0,1,0,0,0,0,0,1,54
2,0,0,82,82,0,0,0,0,1,0,0,0,0,0,1,54
2,0,0,84,84,0,0,0,0,1,0,0,0,0,0,1,54
2,0,0,71,71,0,0,0,0,1,0,0,0,0,0,1,54
2,0,0,100,100,0,0,0,0,1,0,0,0,0,0,1,54
2,86.5,86.6849895756494,95,86.6849895756494,2,6,0,0.14,1,0,0,0,0,0,1,54
2,0,0,94,94,0,0,0,0,1,0,0,0,0,0,1,54
2,0,0,94,94,0,0,0,0,1,0,0,0,0,0,1,54
2,0,0,71,71,0,0,0,0,1,0,0,0,0,0,1,54
2,0,0,93,93,0,0,0,0,1,0,0,0,0,0,1,54
2,0,0,85,85,0,0,0,0,1,0,0,0,0,0,1,54
2,0,0,100,100,0,0,0,0,1,0,0,0,0,0,1,54
2,0,0,96,96,0,0,0,0,1,0,0,0,0,0,1,54
2,0,0,93,93,0,0,0,0,1,0,0,0,0,0,1,54
2,0,0,98,98,0,0,0,0,1,0,0,0,0,0,1,54
2,0,0,93,93,0,0,0,0,1,0,0,0,0,0,1,54
2,0,0,100,100,0,0,0,0,1,0,0,0,0,0,1,54
2,0,0,96,96,0,0,0,0,1,0,0,0,0,0,1,54
2,0,0,96,96,0,0,0,0,1,0,0,0,0,0,1,54
2,82.5,82.9333207608994,100,82.9333207608994,1,5,0,0.18,1,0,0,0,0,0,1,54
2,0,0,90,90,0,0,0,0,1,0,0,0,0,0,1,54
2,0,0,100,100,0,0,0,0,1,0,0,0,0,0,1,54
2,0,0,98,98,0,0,0,0,1,0,0,0,0,0,1,54
2,0,0,93,93,0,0,0,0,1,0,0,0,0,0,1,54
2,0,0,85,85,0,0,0,0,1,0,0,0,0,0,1,54
2,80.5,82.52471116789,90,82.52471116789,3,5,0,0.18,1,0,0,0,0,0,1,54
2,0,0,97,97,0,0,0,0,1,0,0,0,0,0,1,54
2,0,0,90,90,0,0,0,0,1,0,0,0,0,0,1,54
2,96,0,96,96,2,1,0,0,1,1,0,0,0,0,1,54
1,0,0,86,86,0,0,0,0,1,0,0,0,0,0,1,59
1,0,0,88,88,0,0,0,0,1,0,0,0,0,0,1,59
1,80.5,100,100,100,1,1,0,0.18,1,0,0,0,0,0,1,59
1,0,0,87,87,0,0,0,0,1,0,0,0,0,0,1,59
1,0,0,100,100,0,0,0,0,1,0,0,0,0,0,1,59
1,0,0,100,100,0,0,0,0,1,0,0,0,0,0,1,59
1,0,0,84,84,0,0,0,0,1,0,0,0,0,0,1,59
1,86.5,87.1210480700914,93,87.1210480700914,3,5,0,0.18,1,0,0,0,0,0,1,59
1,0,0,99,99,0,0,0,0,1,0,0,0,0,0,1,59
1,0,0,82,82,0,0,0,0,1,0,0,0,0,0,1,59
1,0,0,82,82,0,0,0,0,1,0,0,0,0,0,1,59
1,0,0,96,96,0,0,0,0,1,0,0,0,0,0,1,59
1,0,0,100,100,0,0,0,0,1,0,0,0,0,0,1,59
1,0,0,90,90,0,0,0,0,1,0,0,0,0,0,1,59
1,0,0,92,92,0,0,0,0,1,0,0,0,0,0,1,59
1,88.5,93.6343048536062,93,93,4,5,0,0.32,1,0,0,0,0,0,1,59
1,0,0,88,88,0,0,0,0,1,0,0,0,0,0,1,59
1,0,0,87,87,0,0,0,0,1,0,0,0,0,0,1,59
1,0,0,87,87,0,0,0,0,1,0,0,0,0,0,1,59
1,0,0,92,92,0,0,0,0,1,0,0,0,0,0,1,59
1,0,0,84,84,0,0,0,0,1,0,0,0,0,0,1,59
1,0,0,83,83,0,0,0,0,1,0,0,0,0,0,1,59
1,0,0,89,89,0,0,0,0,1,0,0,0,0,0,1,59
1,0,0,100,100,0,0,0,0,1,0,0,0,0,0,1,59
1,0,0,87,87,0,0,0,0,1,0,0,0,0,0,1,59
1,0,0,89,89,0,0,0,0,1,0,0,0,0,0,1,59
1,0,0,100,100,0,0,0,0,1,0,0,0,0,0,1,59
1,0,0,81,81,0,0,0,0,1,0,0,0,0,0,1,59
1,0,0,95,95,0,0,0,0,1,0,0,0,0,0,1,59
1,0,0,93,93,0,0,0,0,1,0,0,0,0,0,1,59
1,0,0,89,89,0,0,0,0,1,0,0,0,0,0,1,44
1,0,0,87,87,0,0,0,0,1,0,0,0,0,0,1,44
1,0,0,100,100,0,0,0,0,1,0,0,0,0,0,1,44
1,0,0,94,94,0,0,0,0,1,0,0,0,0,0,1,44
1,0,0,94,94,0,0,0,0,1,0,0,0,0,0,1,44
1,0,0,86,86,0,0,0,0,1,0,0,0,0,0,1,44
1,0,0,98,98,0,0,0,0,1,0,0,0,0,0,1,44
1,0,0,100,100,0,0,0,0,1,0,0,0,0,0,1,44
1,0,0,100,100,0,0,0,0,1,0,0,0,0,0,1,44
1,0,0,91,91,0,0,0,0,1,0,0,0,0,0,1,44
1,0,0,100,100,0,0,0,0,1,0,0,0,0,0,1,44
1,0,0,98,98,0,0,0,0,1,0,0,0,0,0,1,44
1,0,0,85,85,0,0,0,0,1,0,0,0,0,0,1,44
1,0,0,97,97,0,0,0,0,1,0,0,0,0,0,1,44
1,0,0,91,91,0,0,0,0,1,0,0,0,0,0,1,44
1,0,0,76,76,0,0,0,0,1,0,0,0,0,0,1,44
1,0,0,94,94,0,0,0,0,1,0,0,0,0,0,1,44
1,0,0,93,93,0,0,0,0,1,0,0,0,0,0,1,44
1,0,0,93,93,0,0,0,0,1,0,0,0,0,0,1,44
1,0,0,88,88,0,0,0,0,1,0,0,0,0,0,1,44
1,0,0,90,90,0,0,0,0,1,0,0,0,0,0,1,44
1,0,0,82,82,0,0,0,0,1,0,0,0,0,0,1,44
1,88.5,88.7068632307586,94,88.7068632307586,2,5,0,0.18,1,0,0,0,0,0,1,44
1,0,0,100,100,0,0,0,0,1,0,0,0,0,0,1,44
1,0,0,100,100,0,0,0,0,1,0,0,0,0,0,1,44
1,0,0,100,100,0,0,0,0,1,0,0,0,0,0,1,44
1,0,0,94,94,0,0,0,0,1,0,0,0,0,0,1,44
1,0,0,79,79,0,0,0,0,1,0,0,0,0,0,1,44
1,0,0,100,100,0,0,0,0,1,0,0,0,0,0,1,44
1,0,0,97,97,0,0,0,0,1,0,0,0,0,0,1,44
1,0,0,98,98,0,0,0,0,1,0,0,0,0,0,1,44
1,0,0,92,92,0,0,0,0,1,0,0,0,0,0,1,44
1,0,0,72,72,0,0,0,0,1,0,0,0,0,0,1,44
1,0,0,96,96,0,0,0,0,1,0,0,0,0,0,1,44
1,72.5,72.8062746722321,100,72.8062746722321,2,1,0,0.18,1,0,0,0,0,0,1,44
1,80.5,84.0851560000028,88,84.0851560000028,4,3,0,0.32,1,0,0,0,0,0,1,44
1,0,0,100,100,0,0,0,0,1,0,0,0,0,0,1,44
1,0,0,86,86,0,0,0,0,1,0,0,0,0,0,1,44
1,0,0,72,72,0,0,0,0,1,0,0,0,0,0,1,44
1,0,0,100,100,0,0,0,0,1,0,0,0,0,0,1,44
1,0,0,98,98,0,0,0,0,1,0,0,0,0,0,1,44
1,0,0,87,87,0,0,0,0,1,0,0,0,0,0,1,44
1,0,0,84,84,0,0,0,0,1,0,0,0,0,0,1,44
1,0,0,100,100,0,0,0,0,1,0,0,0,0,0,1,44
1,0,0,100,100,0,0,0,0,1,0,0,0,0,0,1,44
1,0,0,95,95,0,0,0,0,1,0,0,0,0,0,1,44
1,82.5,83.2960001141943,88,83.2960001141943,3,2,0,0.18,1,0,0,0,0,0,1,44
1,84.5,100,90,90,4,1,0,0.18,1,0,0,0,0,0,1,44
1,0,0,87,87,0,0,0,0,1,0,0,0,0,0,1,44
1,0,0,100,100,0,0,0,0,1,0,0,0,0,0,1,44
1,0,0,100,100,0,0,0,0,1,0,0,0,0,0,1,44
1,0,0,84,84,0,0,0,0,1,0,0,0,0,0,1,44
1,0,0,92,92,0,0,0,0,1,0,0,0,0,0,1,44
1,0,0,73,73,0,0,0,0,1,0,0,0,0,0,1,44
1,77.5,100,100,100,2,2,0,0.28,1,0,1,237.126051362652,0,0,1,44
1,0,0,100,100,0,0,0,0,1,0,0,0,0,0,1,44
1,0,0,100,100,0,0,0,0,1,0,0,0,0,0,1,44
1,0,0,85,85,0,0,0,0,1,0,0,0,0,0,1,44
1,81,0,81,81,2,1,0,0,1,1,0,0,0,0,1,44
1,0,0,77,77,0,0,0,0,1,0,0,0,0,0,1,44
1,0,0,100,100,0,0,0,0,1,0,0,0,0,0,1,44
1,0,0,78,78,0,0,0,0,1,0,0,0,0,0,1,44
1,0,0,100,100,0,0,0,0,1,0,0,0,0,0,1,44
1,0,0,99,99,0,0,0,0,1,0,0,0,0,0,1,44
1,0,0,87,87,0,0,0,0,1,0,0,0,0,0,1,44
1,0,0,88,88,0,0,0,0,1,0,0,0,0,0,1,44
1,0,0,100,100,0,0,0,0,1,0,0,0,0,0,1,44
1,0,0,80,80,0,0,0,0,1,0,0,0,0,0,1,44
1,0,0,93,93,0,0,0,0,1,0,0,0,0,0,1,44
1,0,0,92,92,0,0,0,0,1,0,0,0,0,0,1,44
1,0,0,95,95,0,0,0,0,1,0,0,0,0,0,1,44
1,0,0,77,77,0,0,0,0,1,0,0,0,0,0,1,44
1,0,0,89,89,0,0,0,0,1,0,0,0,0,0,1,44
1,0,0,96,96,0,0,0,0,1,0,0,0,0,0,1,44
1,90.5,91.0141420603354,94,91.0141420603354,4,6,0,0.28,1,0,0,0,0,0,1,44
1,0,0,96,96,0,0,0,0,1,0,0,0,0,0,1,44
1,0,0,100,100,0,0,0,0,1,0,0,0,0,0,1,44
1,0,0,100,100,0,0,0,0,1,0,0,0,0,0,1,44
1,0,0,100,100,0,0,0,0,1,0,0,0,0,0,1,44
1,0,0,76,76,0,0,0,0,1,0,0,0,0,0,1,44
1,0,0,100,100,0,0,0,0,1,0,0,0,0,0,1,44
1,0,0,100,100,0,0,0,0,1,0,0,0,0,0,1,44
1,0,0,98,98,0,0,0,0,1,0,0,0,0,0,1,44
1,0,0,100,100,0,0,0,0,1,0,0,0,0,0,1,44
1,0,0,86,86,0,0,0,0,1,0,0,0,0,0,1,44
1,0,0,100,100,0,0,0,0,1,0,0,0,0,0,1,44
1,0,0,100,100,0,0,0,0,1,0,0,0,0,0,1,44
1,72.5,75.6822259008661,100,75.6822259008661,2,1,0,0.46,1,0,1,3.18222590086608,0,0,1,44
1,0,0,69,69,0,0,0,0,1,0,0,0,0,0,1,44
1,0,0,67,67,0,0,0,0,1,0,0,0,0,0,1,44
1,0,0,100,100,0,0,0,0,1,0,0,0,0,0,1,44
1,0,0,90,90,0,0,0,0,1,0,0,0,0,0,1,44
1,0,0,100,100,0,0,0,0,1,0,0,0,0,0,1,44
1,0,0,84,84,0,0,0,0,1,0,0,0,0,0,1,44
1,0,0,100,100,0,0,0,0,1,0,0,0,0,0,1,44
1,0,0,84,84,0,0,0,0,1,0,0,0,0,0,1,44
1,0,0,98,98,0,0,0,0,1,0,0,0,0,0,1,44
1,0,0,100,100,0,0,0,0,1,0,0,0,0,0,1,44
1,0,0,87,87,0,0,0,0,1,0,0,0,0,0,1,44
1,0,0,100,100,0,0,0,0,1,0,0,0,0,0,1,44
1,0,0,87,87,0,0,0,0,1,0,0,0,0,0,1,44
1,0,0,69,69,0,0,0,0,1,0,0,0,0,0,1,44
1,0,0,90,90,0,0,0,0,1,0,0,0,0,0,1,44
1,87.5,99.4665399288984,100,99.4665399288984,2,1,0,0.18,1,0,0,0,0,0,1,44
1,0,0,100,100,0,0,0,0,1,0,0,0,0,0,1,44
1,0,0,100,100,0,0,0,0,1,0,0,0,0,0,1,44
1,0,0,94,94,0,0,0,0,1,0,0,0,0,0,1,44
1,0,0,83,83,0,0,0,0,1,0,0,0,0,0,1,44
1,0,0,82,82,0,0,0,0,1,0,0,0,0,0,1,44
1,0,0,70,70,0,0,0,0,1,0,0,0,0,0,1,44
1,0,0,84,84,0,0,0,0,1,0,0,0,0,0,1,44
1,84.5,84.5562120354089,100,84.5562120354089,2,6,0,0,1,0,0,0,0,0,1,44
1,0,0,100,100,0,0,0,0,1,0,0,0,0,0,1,44
1,0,0,100,100,0,0,0,0,1,0,0,0,0,0,1,44
1,0,0,95,95,0,0,0,0,1,0,0,0,0,0,1,44
1,0,0,100,100,0,0,0,0,1,0,0,0,0,0,1,44
1,0,0,86,86,0,0,0,0,1,0,0,0,0,0,1,44
1,0,0,100,100,0,0,0,0,1,0,0,0,0,0,1,44
1,0,0,69,69,0,0,0,0,1,0,0,0,0,0,1,44
1,0,0,75,75,0,0,0,0,1,0,0,0,0,0,1,44
1,0,0,92,92,0,0,0,0,1,0,0,0,0,0,1,44
1,0,0,100,100,0,0,0,0,1,0,0,0,0,0,1,44
1,0,0,89,89,0,0,0,0,1,0,0,0,0,0,1,44
1,0,0,92,92,0,0,0,0,1,0,0,0,0,0,1,44
1,0,0,100,100,0,0,0,0,1,0,0,0,0,0,1,44
1,90.5,96.0653581271319,100,96.0653581271319,2,6,0,0.28,1,0,0,0,0,0,1,44
1,0,0,100,100,0,0,0,0,1,0,0,0,0,0,1,44
1,0,0,94,94,0,0,0,0,1,0,0,0,0,0,1,44
1,84.5,84.7596926356688,100,84.7596926356688,1,6,0,0.14,1,0,0,0,0,0,1,44
1,91.5,93.5357113188229,100,93.5357113188229,2,2,0,0.32,1,0,0,0,0,0,1,44
1,0,0,90,90,0,0,0,0,1,0,0,0,0,0,1,44
1,0,0,100,100,0,0,0,0,1,0,0,0,0,0,1,44
1,0,0,88,88,0,0,0,0,1,0,0,0,0,0,1,44
1,0,0,96,96,0,0,0,0,1,0,0,0,0,0,1,44
1,0,0,76,76,0,0,0,0,1,0,0,0,0,0,1,44
1,0,0,88,88,0,0,0,0,1,0,0,0,0,0,1,44
1,0,0,72,72,0,0,0,0,1,0,0,0,0,0,1,44
1,0,0,100,100,0,0,0,0,1,0,0,0,0,0,1,44
1,92.5,92.7286571719187,100,92.7286571719187,3,3,0,0.32,1,0,0,0,0,0,1,44
1,0,0,100,100,0,0,0,0,1,0,0,0,0,0,1,44
1,0,0,100,100,0,0,0,0,1,0,0,0,0,0,0,26
1,0,0,89,89,0,0,0,0,1,0,0,0,0,0,0,26
1,0,0,82,82,0,0,0,0,1,0,0,0,0,0,0,26
1,0,0,71,71,0,0,0,0,1,0,0,0,0,0,0,26
1,0,0,80,80,0,0,0,0,1,0,0,0,0,0,0,26
1,0,0,88,88,0,0,0,0,1,0,0,0,0,0,0,26
1,0,0,75,75,0,0,0,0,1,0,0,0,0,0,0,26
1,0,0,88,88,0,0,0,0,1,0,0,0,0,0,0,26
1,0,0,96,96,0,0,0,0,1,0,0,0,0,0,0,26
1,0,0,93,93,0,0,0,0,1,0,0,0,0,0,0,26
1,0,0,77,77,0,0,0,0,1,0,0,0,0,0,0,26
1,0,0,98,98,0,0,0,0,1,0,0,0,0,0,0,26
1,0,0,81,81,0,0,0,0,1,0,0,0,0,0,0,26
1,0,0,94,94,0,0,0,0,1,0,0,0,0,0,0,26
1,0,0,61,61,0,0,0,0,1,0,0,0,0,0,0,26
1,0,0,92,92,0,0,0,0,1,0,0,0,0,0,0,26
1,0,0,82,82,0,0,0,0,1,0,0,0,0,0,0,26
1,0,0,75,75,0,0,0,0,1,0,0,0,0,0,0,26
1,0,0,66,66,0,0,0,0,1,0,0,0,0,0,0,26
1,0,0,89,89,0,0,0,0,1,0,0,0,0,0,0,26
1,0,0,95,95,0,0,0,0,1,0,0,0,0,0,0,26
1,0,0,100,100,0,0,0,0,1,0,0,0,0,0,0,26
1,0,0,57,57,0,0,0,0,1,0,0,0,0,0,0,26
1,0,0,86,86,0,0,0,0,1,0,0,0,0,0,0,26
1,0,0,92,92,0,0,0,0,1,0,0,0,0,0,0,26
1,0,0,66,66,0,0,0,0,1,0,0,0,0,0,0,26
1,0,0,88,88,0,0,0,0,1,0,0,0,0,0,0,26
1,0,0,72,72,0,0,0,0,1,0,0,0,0,0,0,26
1,0,0,59,59,0,0,0,0,1,0,0,0,0,0,0,26
1,0,0,91,91,0,0,0,0,1,0,0,0,0,0,0,26
1,71.5,71.6359842395854,86,71.6359842395854,4,6,0,0.14,1,0,0,0,0,0,0,26
1,0,0,62,62,0,0,0,0,1,0,0,0,0,0,0,26
1,0,0,77,77,0,0,0,0,1,0,0,0,0,0,0,26
1,0,0,93,93,0,0,0,0,1,0,0,0,0,0,0,26
1,0,0,84,84,0,0,0,0,1,0,0,0,0,0,0,26
1,0,0,80,80,0,0,0,0,1,0,0,0,0,0,0,26
1,0,0,98,98,0,0,0,0,1,0,0,0,0,0,0,26
1,0,0,88,88,0,0,0,0,1,0,0,0,0,0,0,26
1,0,0,90,90,0,0,0,0,1,0,0,0,0,0,0,26
1,0,0,69,69,0,0,0,0,1,0,0,0,0,0,0,26
1,0,0,85,85,0,0,0,0,1,0,0,0,0,0,0,26
1,0,0,74,74,0,0,0,0,1,0,0,0,0,0,0,26
1,0,0,93,93,0,0,0,0,1,0,0,0,0,0,0,26
1,0,0,88,88,0,0,0,0,1,0,0,0,0,0,0,26
1,0,0,95,95,0,0,0,0,1,0,0,0,0,0,0,26
1,0,0,91,91,0,0,0,0,1,0,0,0,0,0,0,26
1,0,0,100,100,0,0,0,0,1,0,0,0,0,0,0,26
1,0,0,82,82,0,0,0,0,1,0,0,0,0,0,0,26
1,89.5,90.168317917923,100,90.168317917923,1,6,0,0.28,1,0,0,0,0,0,0,26
1,0,0,73,73,0,0,0,0,1,0,0,0,0,0,0,26
1,0,0,78,78,0,0,0,0,1,0,0,0,0,0,0,26
1,0,0,82,82,0,0,0,0,1,0,0,0,0,0,0,26
1,0,0,66,66,0,0,0,0,1,0,0,0,0,0,0,26
1,0,0,87,87,0,0,0,0,1,0,0,0,0,0,0,26
1,0,0,79,79,0,0,0,0,1,0,0,0,0,0,0,26
1,0,0,68,68,0,0,0,0,1,0,0,0,0,0,0,26
1,52.5,52.6101093064146,82,52.6101093064146,1,6,0,0,1,0,0,0,0,0,0,26
1,0,0,94,94,0,0,0,0,1,0,0,0,0,0,0,26
1,0,0,80,80,0,0,0,0,1,0,0,0,0,0,0,26
1,0,0,70,70,0,0,0,0,1,0,0,0,0,0,0,26
1,0,0,61,61,0,0,0,0,1,0,0,0,0,0,0,26
1,0,0,98,98,0,0,0,0,1,0,0,0,0,0,0,26
1,0,0,76,76,0,0,0,0,1,0,0,0,0,0,0,26
1,0,0,85,85,0,0,0,0,1,0,0,0,0,0,0,26
1,0,0,86,86,0,0,0,0,1,0,0,0,0,0,0,26
1,0,0,76,76,0,0,0,0,1,0,0,0,0,0,0,26
1,0,0,91,91,0,0,0,0,1,0,0,0,0,0,0,26
1,0,0,74,74,0,0,0,0,1,0,0,0,0,0,0,26
1,0,0,62,62,0,0,0,0,1,0,0,0,0,0,0,26
1,0,0,87,87,0,0,0,0,1,0,0,0,0,0,0,26
1,0,0,86,86,0,0,0,0,1,0,0,0,0,0,0,26
1,0,0,91,91,0,0,0,0,1,0,0,0,0,0,0,26
1,0,0,76,76,0,0,0,0,1,0,0,0,0,0,0,26
1,0,0,87,87,0,0,0,0,1,0,0,0,0,0,0,26
1,66.5,67.1656173921505,81,67.1656173921505,4,6,0,0.28,1,0,0,0,0,0,0,26
1,0,0,87,87,0,0,0,0,1,0,0,0,0,0,0,26
1,0,0,90,90,0,0,0,0,1,0,0,0,0,0,0,26
1,0,0,77,77,0,0,0,0,1,0,0,0,0,0,0,26
1,0,0,63,63,0,0,0,0,1,0,0,0,0,0,0,26
1,0,0,92,92,0,0,0,0,1,0,0,0,0,0,0,26
1,0,0,70,70,0,0,0,0,1,0,0,0,0,0,0,26
1,0,0,67,67,0,0,0,0,1,0,0,0,0,0,0,26
1,0,0,73,73,0,0,0,0,1,0,0,0,0,0,0,26
1,0,0,87,87,0,0,0,0,1,0,0,0,0,0,0,26
1,0,0,90,90,0,0,0,0,1,0,0,0,0,0,0,26
1,0,0,75,75,0,0,0,0,1,0,0,0,0,0,0,26
1,0,0,78,78,0,0,0,0,1,0,0,0,0,0,0,26
1,0,0,88,88,0,0,0,0,1,0,0,0,0,0,0,26
1,0,0,82,82,0,0,0,0,1,0,0,0,0,0,0,26
1,0,0,92,92,0,0,0,0,1,0,0,0,0,0,0,26
1,0,0,68,68,0,0,0,0,1,0,0,0,0,0,0,26
1,0,0,100,100,0,0,0,0,1,0,0,0,0,0,0,26
1,0,0,70,70,0,0,0,0,1,0,0,0,0,0,0,26
1,0,0,70,70,0,0,0,0,1,0,0,0,0,0,0,26
1,0,0,83,83,0,0,0,0,1,0,0,0,0,0,0,26
1,0,0,53,53,0,0,0,0,1,0,0,0,0,0,0,26
1,0,0,58,58,0,0,0,0,1,0,0,0,0,0,0,26
1,0,0,92,92,0,0,0,0,1,0,0,0,0,0,0,26
1,0,0,84,84,0,0,0,0,1,0,0,0,0,0,0,26
1,0,0,85,85,0,0,0,0,1,0,0,0,0,0,0,26
1,0,0,62,62,0,0,0,0,1,0,0,0,0,0,0,26
1,0,0,94,94,0,0,0,0,1,0,0,0,0,0,0,26
1,0,0,99,99,0,0,0,0,1,0,0,0,0,0,0,26
1,0,0,91,91,0,0,0,0,1,0,0,0,0,0,0,26
1,0,0,77,77,0,0,0,0,1,0,0,0,0,0,0,26
1,0,0,84,84,0,0,0,0,1,0,0,0,0,0,0,26
1,0,0,100,100,0,0,0,0,1,0,0,0,0,0,0,26
1,0,0,94,94,0,0,0,0,1,0,0,0,0,0,0,26
1,58.5,100,94,94,2,1,0,0.18,1,0,1,85.0373402430595,0,0,0,26
1,0,0,87,87,0,0,0,0,1,0,0,0,0,0,0,26
1,0,0,69,69,0,0,0,0,1,0,0,0,0,0,0,26
1,0,0,61,61,0,0,0,0,1,0,0,0,0,0,0,26
1,0,0,95,95,0,0,0,0,1,0,0,0,0,0,1,34
1,0,0,94,94,0,0,0,0,1,0,0,0,0,0,1,34
1,0,0,95,95,0,0,0,0,1,0,0,0,0,0,1,34
1,0,0,92,92,0,0,0,0,1,0,0,0,0,0,1,34
1,0,0,86,86,0,0,0,0,1,0,0,0,0,0,1,34
1,73.5,73.6424100722345,89,73.6424100722345,2,5,0,0.32,1,0,0,0,0,0,1,34
1,0,0,71,71,0,0,0,0,1,0,0,0,0,0,1,34
1,0,0,74,74,0,0,0,0,1,0,0,0,0,0,1,34
1,0,0,82,82,0,0,0,0,1,0,0,0,0,0,1,34
1,0,0,91,91,0,0,0,0,1,0,0,0,0,0,1,34
1,0,0,90,90,0,0,0,0,1,0,0,0,0,0,1,34
1,0,0,100,100,0,0,0,0,1,0,0,0,0,0,1,34
1,0,0,89,89,0,0,0,0,1,0,0,0,0,0,1,34
1,0,0,81,81,0,0,0,0,1,0,0,0,0,0,1,34
1,0,0,89,89,0,0,0,0,1,0,0,0,0,0,1,34
1,0,0,86,86,0,0,0,0,1,0,0,0,0,0,1,34
1,0,0,95,95,0,0,0,0,1,0,0,0,0,0,1,34
1,0,0,98,98,0,0,0,0,1,0,0,0,0,0,1,34
1,0,0,97,97,0,0,0,0,1,0,0,0,0,0,1,34
1,91.5,91.5888327094318,98,91.5888327094318,4,2,0,0.18,1,0,0,0,0,0,1,34
1,0,0,82,82,0,0,0,0,1,0,0,0,0,0,1,34
1,0,0,81,81,0,0,0,0,1,0,0,0,0,0,1,34
1,0,0,75,75,0,0,0,0,1,0,0,0,0,0,1,34
1,0,0,85,85,0,0,0,0,1,0,0,0,0,0,1,34
1,0,0,94,94,0,0,0,0,1,0,0,0,0,0,1,34
1,0,0,91,91,0,0,0,0,1,0,0,0,0,0,1,34
1,0,0,75,75,0,0,0,0,1,0,0,0,0,0,1,34
1,0,0,70,70,0,0,0,0,1,0,0,0,0,0,1,34
1,0,0,75,75,0,0,0,0,1,0,0,0,0,0,1,34
1,0,0,77,77,0,0,0,0,1,0,0,0,0,0,1,34
1,0,0,84,84,0,0,0,0,1,0,0,0,0,0,1,34
1,0,0,86,86,0,0,0,0,1,0,0,0,0,0,1,34
1,0,0,93,93,0,0,0,0,1,0,0,0,0,0,1,34
1,0,0,84,84,0,0,0,0,1,0,0,0,0,0,1,34
1,0,0,87,87,0,0,0,0,1,0,0,0,0,0,1,34
1,0,0,86,86,0,0,0,0,1,0,0,0,0,0,1,34
1,0,0,73,73,0,0,0,0,1,0,0,0,0,0,1,34
1,0,0,72,72,0,0,0,0,1,0,0,0,0,0,1,34
1,0,0,93,93,0,0,0,0,1,0,0,0,0,0,1,34
1,0,0,93,93,0,0,0,0,1,0,0,0,0,0,1,34
1,0,0,87,87,0,0,0,0,1,0,0,0,0,0,1,34
1,0,0,94,94,0,0,0,0,1,0,0,0,0,0,1,34
1,0,0,75,75,0,0,0,0,1,0,0,0,0,0,1,34
1,0,0,94,94,0,0,0,0,1,0,0,0,0,0,1,34
1,0,0,85,85,0,0,0,0,1,0,0,0,0,0,1,34
1,0,0,88,88,0,0,0,0,1,0,0,0,0,0,1,34
1,0,0,85,85,0,0,0,0,1,0,0,0,0,0,1,34
1,0,0,98,98,0,0,0,0,1,0,0,0,0,0,1,34
1,0,0,78,78,0,0,0,0,1,0,0,0,0,0,1,34
1,0,0,87,87,0,0,0,0,1,0,0,0,0,0,1,34
1,0,0,98,98,0,0,0,0,1,0,0,0,0,0,1,34
1,0,0,96,96,0,0,0,0,1,0,0,0,0,0,1,34
1,0,0,88,88,0,0,0,0,1,0,0,0,0,0,1,34
1,0,0,73,73,0,0,0,0,1,0,0,0,0,0,1,34
1,0,0,84,84,0,0,0,0,1,0,0,0,0,0,1,34
1,0,0,75,75,0,0,0,0,1,0,0,0,0,0,1,34
1,0,0,73,73,0,0,0,0,1,0,0,0,0,0,1,34
1,0,0,75,75,0,0,0,0,1,0,0,0,0,0,1,34
1,0,0,91,91,0,0,0,0,1,0,0,0,0,0,1,34
1,0,0,76,76,0,0,0,0,1,0,0,0,0,0,1,34
1,0,0,72,72,0,0,0,0,1,0,0,0,0,0,1,34
1,0,0,86,86,0,0,0,0,1,0,0,0,0,0,1,34
1,0,0,84,84,0,0,0,0,1,0,0,0,0,0,1,34
1,0,0,91,91,0,0,0,0,1,0,0,0,0,0,1,34
1,0,0,87,87,0,0,0,0,1,0,0,0,0,0,1,34
1,0,0,93,93,0,0,0,0,1,0,0,0,0,0,1,34
1,0,0,92,92,0,0,0,0,1,0,0,0,0,0,1,34
1,0,0,97,97,0,0,0,0,1,0,0,0,0,0,1,34
1,0,0,89,89,0,0,0,0,1,0,0,0,0,0,1,34
1,0,0,75,75,0,0,0,0,1,0,0,0,0,0,1,34
1,0,0,73,73,0,0,0,0,1,0,0,0,0,0,1,34
1,0,0,91,91,0,0,0,0,1,0,0,0,0,0,1,34
1,0,0,73,73,0,0,0,0,1,0,0,0,0,0,1,34
1,0,0,100,100,0,0,0,0,1,0,0,0,0,0,1,34
1,0,0,87,87,0,0,0,0,1,0,0,0,0,0,1,34
1,0,0,95,95,0,0,0,0,1,0,0,0,0,0,1,34
1,0,0,77,77,0,0,0,0,1,0,0,0,0,0,1,34
1,0,0,79,79,0,0,0,0,1,0,0,0,0,0,1,34
1,0,0,86,86,0,0,0,0,1,0,0,0,0,0,1,34
1,0,0,95,95,0,0,0,0,1,0,0,0,0,0,1,34
1,0,0,70,70,0,0,0,0,1,0,0,0,0,0,1,34
1,0,0,89,89,0,0,0,0,1,0,0,0,0,0,1,34
1,0,0,82,82,0,0,0,0,1,0,0,0,0,0,1,34
1,0,0,95,95,0,0,0,0,1,0,0,0,0,0,1,34
2,0,0,100,100,0,0,0,0,0,0,0,0,0,0,0,43
2,0,0,96,96,0,0,0,0,0,0,0,0,0,0,0,43
2,0,0,80,80,0,0,0,0,0,0,0,0,0,0,0,43
2,0,0,87,87,0,0,0,0,0,0,0,0,0,0,0,43
2,0,0,100,100,0,0,0,0,0,0,0,0,0,0,0,43
2,0,0,67,67,0,0,0,0,0,0,0,0,0,0,0,43
2,0,0,76,76,0,0,0,0,0,0,0,0,0,0,0,43
2,0,0,72,72,0,0,0,0,0,0,0,0,0,0,0,43
2,0,0,100,100,0,0,0,0,0,0,0,0,0,0,0,43
2,0,0,96,96,0,0,0,0,0,0,0,0,0,0,0,43
2,0,0,95,95,0,0,0,0,0,0,0,0,0,0,0,43
2,0,0,91,91,0,0,0,0,0,0,0,0,0,0,0,43
2,0,0,93,93,0,0,0,0,0,0,0,0,0,0,0,43
2,82.5,82.5907849610826,91,82.5907849610826,1,6,0,0.14,0,0,0,0,0,0,0,43
2,0,0,86,86,0,0,0,0,0,0,0,0,0,0,0,43
2,82.5,83.1794271896443,95,83.1794271896443,4,6,0,0.28,0,0,0,0,0,0,0,43
2,0,0,100,100,0,0,0,0,0,0,0,0,0,0,0,43
2,0,0,89,89,0,0,0,0,0,0,0,0,0,0,0,43
2,0,0,100,100,0,0,0,0,0,0,0,0,0,0,0,43
2,0,0,88,88,0,0,0,0,0,0,0,0,0,0,0,43
2,0,0,90,90,0,0,0,0,0,0,0,0,0,0,0,43
2,0,0,87,87,0,0,0,0,0,0,0,0,0,0,0,43
2,0,0,78,78,0,0,0,0,0,0,0,0,0,0,0,43
2,0,0,85,85,0,0,0,0,0,0,0,0,0,0,0,43
2,0,0,100,100,0,0,0,0,0,0,0,0,0,0,0,43
2,0,0,100,100,0,0,0,0,0,0,0,0,0,0,0,43
2,0,0,97,97,0,0,0,0,0,0,0,0,0,0,0,43
2,0,0,92,92,0,0,0,0,0,0,0,0,0,0,0,43
2,0,0,94,94,0,0,0,0,0,0,0,0,0,0,0,43
2,0,0,67,67,0,0,0,0,0,0,0,0,0,0,0,43
2,87.5,88.096180847008,91,88.096180847008,4,6,0,0.14,0,0,0,0,0,0,0,43
2,0,0,74,74,0,0,0,0,0,0,0,0,0,0,0,43
2,0,0,76,76,0,0,0,0,0,0,0,0,0,0,0,43
2,0,0,86,86,0,0,0,0,0,0,0,0,0,0,0,43
2,0,0,86,86,0,0,0,0,0,0,0,0,0,0,0,43
2,0,0,92,92,0,0,0,0,0,0,0,0,0,0,0,43
2,0,0,94,94,0,0,0,0,0,0,0,0,0,0,0,43
2,0,0,100,100,0,0,0,0,0,0,0,0,0,0,0,43
2,0,0,100,100,0,0,0,0,0,0,0,0,0,0,0,43
2,0,0,74,74,0,0,0,0,0,0,0,0,0,0,0,43
2,0,0,70,70,0,0,0,0,0,0,0,0,0,0,0,43
2,0,0,89,89,0,0,0,0,0,0,0,0,0,0,0,43
2,0,0,73,73,0,0,0,0,0,0,0,0,0,0,0,43
2,0,0,77,77,0,0,0,0,0,0,0,0,0,0,0,43
2,0,0,75,75,0,0,0,0,0,0,0,0,0,0,0,43
2,0,0,74,74,0,0,0,0,0,0,0,0,0,0,0,43
2,0,0,100,100,0,0,0,0,0,0,0,0,0,0,0,43
2,0,0,85,85,0,0,0,0,0,0,0,0,0,0,0,43
2,0,0,72,72,0,0,0,0,0,0,0,0,0,0,0,43
2,0,0,100,100,0,0,0,0,0,0,0,0,0,0,0,43
2,0,0,82,82,0,0,0,0,0,0,0,0,0,0,0,43
2,0,0,85,85,0,0,0,0,0,0,0,0,0,0,0,43
2,0,0,73,73,0,0,0,0,0,0,0,0,0,0,0,43
2,0,0,81,81,0,0,0,0,0,0,0,0,0,0,0,43
2,0,0,72,72,0,0,0,0,0,0,0,0,0,0,0,43
2,0,0,87,87,0,0,0,0,0,0,0,0,0,0,0,43
2,0,0,83,83,0,0,0,0,0,0,0,0,0,0,0,43
1,0,0,82,82,0,0,0,0,0,0,0,0,0,0,0,30
1,0,0,100,100,0,0,0,0,0,0,0,0,0,0,0,30
1,0,0,100,100,0,0,0,0,0,0,0,0,0,0,0,30
1,0,0,100,100,0,0,0,0,0,0,0,0,0,0,0,30
1,0,0,83,83,0,0,0,0,0,0,0,0,0,0,0,30
1,0,0,80,80,0,0,0,0,0,0,0,0,0,0,0,30
1,0,0,91,91,0,0,0,0,0,0,0,0,0,0,0,30
1,0,0,100,100,0,0,0,0,0,0,0,0,0,0,0,30
1,0,0,62,62,0,0,0,0,0,0,0,0,0,0,0,30
1,0,0,95,95,0,0,0,0,0,0,0,0,0,0,0,30
1,0,0,59,59,0,0,0,0,0,0,0,0,0,0,0,30
1,0,0,91,91,0,0,0,0,0,0,0,0,0,0,0,30
1,0,0,63,63,0,0,0,0,0,0,0,0,0,0,0,30
1,0,0,100,100,0,0,0,0,0,0,0,0,0,0,0,30
1,0,0,100,100,0,0,0,0,0,0,0,0,0,0,0,30
1,0,0,92,92,0,0,0,0,0,0,0,0,0,0,0,30
1,0,0,91,91,0,0,0,0,0,0,0,0,0,0,0,30
1,76.5,83.2241736753526,98,83.2241736753526,2,2,0,0.14,0,0,0,0,0,0,0,30
1,0,0,91,91,0,0,0,0,0,0,0,0,0,0,0,30
1,0,0,100,100,0,0,0,0,0,0,0,0,0,0,0,30
1,0,0,63,63,0,0,0,0,0,0,0,0,0,0,0,30
1,0,0,77,77,0,0,0,0,0,0,0,0,0,0,0,30
1,0,0,79,79,0,0,0,0,0,0,0,0,0,0,0,30
1,0,0,100,100,0,0,0,0,0,0,0,0,0,0,0,30
1,0,0,100,100,0,0,0,0,0,0,0,0,0,0,0,30
1,0,0,100,100,0,0,0,0,0,0,0,0,0,0,0,30
1,0,0,93,93,0,0,0,0,0,0,0,0,0,0,0,30
1,0,0,85,85,0,0,0,0,0,0,0,0,0,0,0,30
1,0,0,85,85,0,0,0,0,0,0,0,0,0,0,0,30
1,0,0,100,100,0,0,0,0,0,0,0,0,0,0,0,30
1,0,0,88,88,0,0,0,0,0,0,0,0,0,0,0,30
1,0,0,100,100,0,0,0,0,0,0,0,0,0,0,0,30
1,0,0,85,85,0,0,0,0,0,0,0,0,0,0,0,30
1,0,0,93,93,0,0,0,0,0,0,0,0,0,0,0,30
1,0,0,100,100,0,0,0,0,0,0,0,0,0,0,0,30
1,0,0,100,100,0,0,0,0,0,0,0,0,0,0,0,30
1,0,0,100,100,0,0,0,0,0,0,0,0,0,0,0,30
1,0,0,89,89,0,0,0,0,0,0,0,0,0,0,0,30
1,0,0,98,98,0,0,0,0,0,0,0,0,0,0,0,30
1,0,0,92,92,0,0,0,0,0,0,0,0,0,0,0,30
1,0,0,100,100,0,0,0,0,0,0,0,0,0,0,0,30
1,0,0,69,69,0,0,0,0,0,0,0,0,0,0,0,30
1,0,0,81,81,0,0,0,0,0,0,0,0,0,0,0,30
1,0,0,82,82,0,0,0,0,0,0,0,0,0,0,0,30
1,0,0,96,96,0,0,0,0,0,0,0,0,0,0,0,30
1,0,0,99,99,0,0,0,0,0,0,0,0,0,0,0,30
1,0,0,86,86,0,0,0,0,0,0,0,0,0,0,0,30
1,0,0,85,85,0,0,0,0,0,0,0,0,0,0,0,30
1,0,0,83,83,0,0,0,0,0,0,0,0,0,0,0,30
1,0,0,92,92,0,0,0,0,0,0,0,0,0,0,0,30
1,0,0,82,82,0,0,0,0,0,0,0,0,0,0,0,30
1,0,0,100,100,0,0,0,0,0,0,0,0,0,0,0,30
1,0,0,100,100,0,0,0,0,0,0,0,0,0,0,0,30
1,0,0,100,100,0,0,0,0,0,0,0,0,0,0,0,30
1,0,0,82,82,0,0,0,0,0,0,0,0,0,0,0,30
1,0,0,93,93,0,0,0,0,0,0,0,0,0,0,0,30
1,0,0,100,100,0,0,0,0,0,0,0,0,0,0,0,30
1,0,0,91,91,0,0,0,0,0,0,0,0,0,0,0,30
1,0,0,99,99,0,0,0,0,0,0,0,0,0,0,0,30
1,0,0,92,92,0,0,0,0,0,0,0,0,0,0,0,30
1,0,0,99,99,0,0,0,0,0,0,0,0,0,0,0,30
1,0,0,94,94,0,0,0,0,0,0,0,0,0,0,0,30
1,0,0,100,100,0,0,0,0,0,0,0,0,0,0,0,30
1,0,0,100,100,0,0,0,0,0,0,0,0,0,0,0,30
1,0,0,89,89,0,0,0,0,0,0,0,0,0,0,0,30
1,0,0,98,98,0,0,0,0,0,0,0,0,0,0,0,30
1,0,0,100,100,0,0,0,0,0,0,0,0,0,0,0,30
1,0,0,94,94,0,0,0,0,0,0,0,0,0,0,0,30
1,0,0,100,100,0,0,0,0,0,0,0,0,0,0,0,30
1,0,0,96,96,0,0,0,0,0,0,0,0,0,0,0,30
1,0,0,100,100,0,0,0,0,0,0,0,0,0,0,0,30
1,0,0,96,96,0,0,0,0,0,0,0,0,0,0,0,30
1,0,0,87,87,0,0,0,0,0,0,0,0,0,0,0,30
1,0,0,100,100,0,0,0,0,0,0,0,0,0,0,0,30
1,0,0,88,88,0,0,0,0,0,0,0,0,0,0,0,30
1,0,0,100,100,0,0,0,0,0,0,0,0,0,0,0,30
1,0,0,78,78,0,0,0,0,0,0,0,0,0,0,0,30
1,0,0,68,68,0,0,0,0,0,0,0,0,0,0,0,30
1,0,0,100,100,0,0,0,0,0,0,0,0,0,0,0,30
1,0,0,100,100,0,0,0,0,0,0,0,0,0,0,0,30
1,0,0,82,82,0,0,0,0,0,0,0,0,0,0,0,30
1,0,0,96,96,0,0,0,0,0,0,0,0,0,0,0,30
1,0,0,100,100,0,0,0,0,0,0,0,0,0,0,0,30
1,0,0,63,63,0,0,0,0,0,0,0,0,0,0,0,30
1,65.5,73.1975170043568,99,73.1975170043568,2,3,0,0.32,0,0,0,0,0,0,0,30
1,0,0,79,79,0,0,0,0,0,0,0,0,0,0,0,30
1,0,0,100,100,0,0,0,0,0,0,0,0,0,0,0,30
1,0,0,87,87,0,0,0,0,0,0,0,0,0,0,0,30
1,0,0,89,89,0,0,0,0,0,0,0,0,0,0,0,30
1,0,0,89,89,0,0,0,0,0,0,0,0,0,0,0,30
1,0,0,100,100,0,0,0,0,0,0,0,0,0,0,0,30
1,0,0,100,100,0,0,0,0,0,0,0,0,0,0,0,30
1,0,0,63,63,0,0,0,0,0,0,0,0,0,0,0,30
1,74.5,75.0263831816371,78,75.0263831816371,3,5,0,0.32,0,0,0,0,0,0,0,30
1,0,0,100,100,0,0,0,0,0,0,0,0,0,0,0,30
1,0,0,97,97,0,0,0,0,0,0,0,0,0,0,0,30
1,0,0,98,98,0,0,0,0,0,0,0,0,0,0,0,30
1,0,0,100,100,0,0,0,0,0,0,0,0,0,0,0,30
1,0,0,86,86,0,0,0,0,0,0,0,0,0,0,0,30
1,0,0,91,91,0,0,0,0,0,0,0,0,0,0,0,30
1,0,0,94,94,0,0,0,0,0,0,0,0,0,0,0,30
1,0,0,85,85,0,0,0,0,0,0,0,0,0,0,0,30
1,0,0,82,82,0,0,0,0,0,0,0,0,0,0,0,30
1,0,0,100,100,0,0,0,0,0,0,0,0,0,0,0,30
1,0,0,100,100,0,0,0,0,0,0,0,0,0,0,0,30
1,0,0,69,69,0,0,0,0,0,0,0,0,0,0,0,30
1,0,0,100,100,0,0,0,0,0,0,0,0,0,0,0,30
1,0,0,99,99,0,0,0,0,0,0,0,0,0,0,0,30
1,0,0,100,100,0,0,0,0,0,0,0,0,0,0,0,30
1,0,0,100,100,0,0,0,0,0,0,0,0,0,0,0,30
1,0,0,90,90,0,0,0,0,0,0,0,0,0,0,0,30
1,0,0,100,100,0,0,0,0,0,0,0,0,0,0,0,30
1,78.5,78.6179829610183,82,78.6179829610183,4,6,0,0.28,0,0,0,0,0,0,0,30
1,0,0,100,100,0,0,0,0,0,0,0,0,0,0,0,30
1,0,0,70,70,0,0,0,0,0,0,0,0,0,0,0,30
1,0,0,95,95,0,0,0,0,0,0,0,0,0,0,0,30
1,0,0,91,91,0,0,0,0,0,0,0,0,0,0,0,30
1,0,0,98,98,0,0,0,0,0,0,0,0,0,0,0,30
1,0,0,83,83,0,0,0,0,0,0,0,0,0,0,0,30
1,90.5,90.7827994227466,94,90.7827994227466,1,6,0,0.14,0,0,0,0,0,0,0,30
1,0,0,87,87,0,0,0,0,0,0,0,0,0,0,0,30
1,0,0,100,100,0,0,0,0,0,0,0,0,0,0,0,30
1,0,0,85,85,0,0,0,0,0,0,0,0,0,0,0,30
1,0,0,90,90,0,0,0,0,0,0,0,0,0,0,0,30
1,0,0,100,100,0,0,0,0,0,0,0,0,0,0,0,30
1,0,0,75,75,0,0,0,0,0,0,0,0,0,0,0,30
1,0,0,97,97,0,0,0,0,0,0,0,0,0,0,0,30
1,0,0,100,100,0,0,0,0,0,0,0,0,0,0,0,30
1,0,0,96,96,0,0,0,0,0,0,0,0,0,0,0,30
1,0,0,78,78,0,0,0,0,0,0,0,0,0,0,0,30
1,0,0,71,71,0,0,0,0,0,0,0,0,0,0,0,30
1,0,0,96,96,0,0,0,0,0,0,0,0,0,0,0,30
1,0,0,100,100,0,0,0,0,0,0,0,0,0,0,0,30
1,79.5,80.1121519375816,100,80.1121519375816,2,3,0,0.32,0,0,0,0,0,0,0,30
1,0,0,93,93,0,0,0,0,0,0,0,0,0,0,0,30
1,0,0,88,88,0,0,0,0,0,0,0,0,0,0,0,30
1,0,0,100,100,0,0,0,0,0,0,0,0,0,0,0,30
1,0,0,69,69,0,0,0,0,0,0,0,0,0,0,0,30
1,0,0,82,82,0,0,0,0,0,0,0,0,0,0,0,30
1,0,0,88,88,0,0,0,0,0,0,0,0,0,0,0,30
1,0,0,94,94,0,0,0,0,0,0,0,0,0,0,0,30
1,0,0,90,90,0,0,0,0,0,0,0,0,0,0,0,30
1,0,0,93,93,0,0,0,0,0,0,0,0,0,0,0,30
1,0,0,84,84,0,0,0,0,0,0,0,0,0,0,0,30
1,0,0,100,100,0,0,0,0,0,0,0,0,0,0,0,30
1,0,0,100,100,0,0,0,0,0,0,0,0,0,0,0,30
1,0,0,85,85,0,0,0,0,0,0,0,0,0,0,0,30
1,0,0,100,100,0,0,0,0,0,0,0,0,0,0,0,30
1,100,0,100,100,2,1,0,0,0,1,0,0,0,0,0,30
1,0,0,83,83,0,0,0,0,0,0,0,0,0,0,0,30
1,0,0,100,100,0,0,0,0,0,0,0,0,0,0,0,30
1,0,0,79,79,0,0,0,0,0,0,0,0,0,0,0,30
1,0,0,73,73,0,0,0,0,0,0,0,0,0,0,0,30
1,0,0,96,96,0,0,0,0,0,0,0,0,0,0,0,30
1,0,0,84,84,0,0,0,0,0,0,0,0,0,0,0,30
1,0,0,91,91,0,0,0,0,0,0,0,0,0,0,0,30
1,0,0,95,95,0,0,0,0,0,0,0,0,0,0,0,30
1,0,0,82,82,0,0,0,0,0,0,0,0,0,0,0,30
1,0,0,83,83,0,0,0,0,0,0,0,0,0,0,0,30
1,0,0,100,100,0,0,0,0,0,0,0,0,0,0,0,30
1,0,0,89,89,0,0,0,0,0,0,0,0,0,0,0,30
1,0,0,83,83,0,0,0,0,0,0,0,0,0,0,0,30
1,0,0,86,86,0,0,0,0,0,0,0,0,0,0,0,30
1,0,0,100,100,0,0,0,0,0,0,0,0,0,0,0,30
1,0,0,82,82,0,0,0,0,0,0,0,0,0,0,0,30
1,0,0,77,77,0,0,0,0,0,0,0,0,0,0,0,30
1,0,0,92,92,0,0,0,0,0,0,0,0,0,0,0,30
1,0,0,100,100,0,0,0,0,0,0,0,0,0,0,0,30
1,0,0,84,84,0,0,0,0,0,0,0,0,0,0,0,30
1,0,0,100,100,0,0,0,0,0,0,0,0,0,0,0,30
1,0,0,94,94,0,0,0,0,0,0,0,0,0,0,0,30
1,0,0,75,75,0,0,0,0,0,0,0,0,0,0,0,30
1,0,0,96,96,0,0,0,0,0,0,0,0,0,0,0,30
1,0,0,91,91,0,0,0,0,0,0,0,0,0,0,0,30
1,0,0,100,100,0,0,0,0,0,0,0,0,0,0,0,30
1,0,0,95,95,0,0,0,0,0,0,0,0,0,0,0,30
1,0,0,91,91,0,0,0,0,0,0,0,0,0,0,0,30
1,0,0,100,100,0,0,0,0,0,0,0,0,0,0,0,30
1,0,0,94,94,0,0,0,0,0,0,0,0,0,0,0,30
1,0,0,69,69,0,0,0,0,0,0,0,0,0,0,0,30
1,0,0,84,84,0,0,0,0,0,0,0,0,0,0,0,30
1,0,0,85,85,0,0,0,0,0,0,0,0,0,0,0,30
1,0,0,85,85,0,0,0,0,0,0,0,0,0,0,0,30
1,0,0,100,100,0,0,0,0,0,0,0,0,0,0,0,30
1,0,0,100,100,0,0,0,0,0,0,0,0,0,0,0,30
1,0,0,93,93,0,0,0,0,0,0,0,0,0,0,0,30
1,0,0,91,91,0,0,0,0,0,0,0,0,0,0,0,30
1,0,0,79,79,0,0,0,0,0,0,0,0,0,0,0,30
1,0,0,100,100,0,0,0,0,0,0,0,0,0,0,0,30
1,0,0,89,89,0,0,0,0,0,0,0,0,0,0,0,30
1,0,0,75,75,0,0,0,0,0,0,0,0,0,0,0,30
1,94.5,97.500668754755,99,97.500668754755,2,1,0,0.14,0,0,0,0,0,0,0,30
1,0,0,100,100,0,0,0,0,0,0,0,0,0,0,0,30
1,0,0,77,77,0,0,0,0,0,0,0,0,0,0,0,30
1,0,0,85,85,0,0,0,0,0,0,0,0,0,0,0,30
1,0,0,97,97,0,0,0,0,0,0,0,0,0,0,0,30
1,0,0,83,83,0,0,0,0,0,0,0,0,0,0,0,30
1,0,0,97,97,0,0,0,0,0,0,0,0,0,0,0,30
1,0,0,94,94,0,0,0,0,0,0,0,0,0,0,0,30
1,0,0,95,95,0,0,0,0,0,0,0,0,0,0,0,30
1,0,0,95,95,0,0,0,0,0,0,0,0,0,0,0,30
1,0,0,100,100,0,0,0,0,0,0,0,0,0,0,0,30
1,0,0,72,72,0,0,0,0,0,0,0,0,0,0,0,30
1,0,0,100,100,0,0,0,0,0,0,0,0,0,0,0,30
1,0,0,100,100,0,0,0,0,0,0,0,0,0,0,0,30
1,0,0,87,87,0,0,0,0,0,0,0,0,0,0,0,30
1,0,0,91,91,0,0,0,0,0,0,0,0,0,0,0,30
1,0,0,96,96,0,0,0,0,0,0,0,0,0,0,0,30
1,0,0,100,100,0,0,0,0,0,0,0,0,0,0,0,30
1,0,0,91,91,0,0,0,0,0,0,0,0,0,0,0,30
1,0,0,93,93,0,0,0,0,0,0,0,0,0,0,0,30
1,0,0,100,100,0,0,0,0,0,0,0,0,0,0,0,30
1,0,0,96,96,0,0,0,0,0,0,0,0,0,0,0,30
1,0,0,72,72,0,0,0,0,0,0,0,0,0,0,0,30
1,0,0,80,80,0,0,0,0,0,0,0,0,0,0,0,30
1,0,0,89,89,0,0,0,0,0,0,0,0,0,0,0,30
1,0,0,100,100,0,0,0,0,0,0,0,0,0,0,0,30
1,0,0,100,100,0,0,0,0,0,0,0,0,0,0,0,30
1,0,0,100,100,0,0,0,0,0,0,0,0,0,0,0,30
1,0,0,87,87,0,0,0,0,0,0,0,0,0,0,0,30
1,0,0,98,98,0,0,0,0,0,0,0,0,0,0,0,30
1,0,0,94,94,0,0,0,0,0,0,0,0,0,0,0,30
1,0,0,100,100,0,0,0,0,0,0,0,0,0,0,0,30
1,0,0,70,70,0,0,0,0,0,0,0,0,0,0,0,30
1,0,0,92,92,0,0,0,0,0,0,0,0,0,0,0,30
1,0,0,92,92,0,0,0,0,0,0,0,0,0,0,0,30
1,0,0,83,83,0,0,0,0,0,0,0,0,0,0,0,30
1,0,0,89,89,0,0,0,0,0,0,0,0,0,0,0,30
1,0,0,78,78,0,0,0,0,0,0,0,0,0,0,0,30
1,0,0,91,91,0,0,0,0,0,0,0,0,0,0,0,30
1,0,0,93,93,0,0,0,0,0,0,0,0,0,0,0,30
1,0,0,90,90,0,0,0,0,0,0,0,0,0,0,0,30
1,0,0,74,74,0,0,0,0,1,0,0,0,0,0,1,53
1,89.5,89.8200101445121,94,89.8200101445121,3,6,0,0.14,1,0,0,0,0,0,1,53
1,0,0,98,98,0,0,0,0,1,0,0,0,0,0,1,53
1,0,0,91,91,0,0,0,0,1,0,0,0,0,0,1,53
1,0,0,96,96,0,0,0,0,1,0,0,0,0,0,1,53
1,0,0,91,91,0,0,0,0,1,0,0,0,0,0,1,53
1,0,0,77,77,0,0,0,0,1,0,0,0,0,0,1,53
1,0,0,85,85,0,0,0,0,1,0,0,0,0,0,1,53
1,0,0,92,92,0,0,0,0,1,0,0,0,0,0,1,53
1,0,0,86,86,0,0,0,0,1,0,0,0,0,0,1,53
1,0,0,94,94,0,0,0,0,1,0,0,0,0,0,1,53
1,0,0,88,88,0,0,0,0,1,0,0,0,0,0,1,53
1,0,0,98,98,0,0,0,0,1,0,0,0,0,0,1,53
1,0,0,79,79,0,0,0,0,1,0,0,0,0,0,1,53
1,0,0,99,99,0,0,0,0,1,0,0,0,0,0,1,53
1,0,0,95,95,0,0,0,0,1,0,0,0,0,0,1,53
1,0,0,89,89,0,0,0,0,1,0,0,0,0,0,1,53
1,0,0,86,86,0,0,0,0,1,0,0,0,0,0,1,53
1,75.5,81.4714548282127,84,81.4714548282127,4,1,0,0.14,1,0,1,5.97145482821266,0,0,1,53
1,0,0,94,94,0,0,0,0,1,0,0,0,0,0,1,53
1,0,0,96,96,0,0,0,0,1,0,0,0,0,0,1,53
1,0,0,85,85,0,0,0,0,1,0,0,0,0,0,1,53
1,0,0,86,86,0,0,0,0,1,0,0,0,0,0,1,53
1,0,0,86,86,0,0,0,0,1,0,0,0,0,0,1,53
1,0,0,74,74,0,0,0,0,1,0,0,0,0,0,1,53
1,0,0,88,88,0,0,0,0,1,0,0,0,0,0,1,53
1,68.5,72.6242757748588,86,72.6242757748588,4,1,0,0.28,1,0,1,4.12427577485885,0,0,1,53
1,0,0,85,85,0,0,0,0,1,0,0,0,0,0,1,53
1,0,0,87,87,0,0,0,0,1,0,0,0,0,0,1,53
1,0,0,78,78,0,0,0,0,1,0,0,0,0,0,1,53
1,0,0,77,77,0,0,0,0,1,0,0,0,0,0,1,53
1,0,0,100,100,0,0,0,0,1,0,0,0,0,0,1,53
1,0,0,71,71,0,0,0,0,1,0,0,0,0,0,1,53
1,0,0,72,72,0,0,0,0,1,0,0,0,0,0,1,53
1,0,0,80,80,0,0,0,0,1,0,0,0,0,0,1,53
1,0,0,87,87,0,0,0,0,1,0,0,0,0,0,1,53
1,0,0,88,88,0,0,0,0,1,0,0,0,0,0,1,53
1,90.5,100,96,96,2,1,0,0.18,1,0,0,0,0,0,1,53
1,73.5,100,99,99,3,1,0,0.18,1,0,1,48.8139790483133,0,0,1,53
1,0,0,69,69,0,0,0,0,1,0,0,0,0,0,1,53
1,0,0,80,80,0,0,0,0,1,0,0,0,0,0,1,53
1,78.5,88.0989736902258,85,85,2,3,0,0.18,1,0,0,0,0,0,1,53
1,0,0,89,89,0,0,0,0,1,0,0,0,0,0,1,53
1,0,0,84,84,0,0,0,0,1,0,0,0,0,0,1,53
1,0,0,94,94,0,0,0,0,1,0,0,0,0,0,1,53
1,0,0,68,68,0,0,0,0,1,0,0,0,0,0,1,53
1,0,0,69,69,0,0,0,0,1,0,0,0,0,0,1,53
1,0,0,80,80,0,0,0,0,1,0,0,0,0,0,1,53
1,0,0,89,89,0,0,0,0,1,0,0,0,0,0,1,53
1,0,0,78,78,0,0,0,0,1,0,0,0,0,0,1,53
1,0,0,80,80,0,0,0,0,1,0,0,0,0,0,1,53
1,0,0,93,93,0,0,0,0,1,0,0,0,0,0,1,53
1,0,0,100,100,0,0,0,0,1,0,0,0,0,0,1,53
1,0,0,68,68,0,0,0,0,1,0,0,0,0,0,1,53
1,0,0,95,95,0,0,0,0,1,0,0,0,0,0,1,53
1,0,0,89,89,0,0,0,0,1,0,0,0,0,0,1,53
1,0,0,87,87,0,0,0,0,1,0,0,0,0,0,1,53
1,0,0,68,68,0,0,0,0,1,0,0,0,0,0,1,53
1,0,0,85,85,0,0,0,0,1,0,0,0,0,0,1,53
1,0,0,95,95,0,0,0,0,1,0,0,0,0,0,1,53
1,0,0,88,88,0,0,0,0,1,0,0,0,0,0,1,53
1,0,0,90,90,0,0,0,0,1,0,0,0,0,0,1,53
1,0,0,74,74,0,0,0,0,1,0,0,0,0,0,1,53
1,0,0,75,75,0,0,0,0,1,0,0,0,0,0,1,53
1,0,0,81,81,0,0,0,0,1,0,0,0,0,0,1,53
1,0,0,86,86,0,0,0,0,1,0,0,0,0,0,1,53
1,0,0,69,69,0,0,0,0,1,0,0,0,0,0,1,53
1,0,0,89,89,0,0,0,0,1,0,0,0,0,0,1,53
1,0,0,88,88,0,0,0,0,0,0,0,0,0,0,0,21
1,0,0,60,60,0,0,0,0,0,0,0,0,0,0,0,21
1,0,0,88,88,0,0,0,0,0,0,0,0,0,0,0,21
1,0,0,91,91,0,0,0,0,0,0,0,0,0,0,0,21
1,0,0,99,99,0,0,0,0,0,0,0,0,0,0,0,21
1,0,0,87,87,0,0,0,0,0,0,0,0,0,0,0,21
1,0,0,85,85,0,0,0,0,0,0,0,0,0,0,0,21
1,0,0,97,97,0,0,0,0,0,0,0,0,0,0,0,21
1,0,0,76,76,0,0,0,0,0,0,0,0,0,0,0,21
1,0,0,83,83,0,0,0,0,0,0,0,0,0,0,0,21
1,0,0,93,93,0,0,0,0,0,0,0,0,0,0,0,21
1,0,0,73,73,0,0,0,0,0,0,0,0,0,0,0,21
1,0,0,59,59,0,0,0,0,0,0,0,0,0,0,0,21
1,0,0,100,100,0,0,0,0,0,0,0,0,0,0,0,21
1,0,0,65,65,0,0,0,0,0,0,0,0,0,0,0,21
1,0,0,100,100,0,0,0,0,0,0,0,0,0,0,0,21
1,0,0,91,91,0,0,0,0,0,0,0,0,0,0,0,21
1,0,0,100,100,0,0,0,0,0,0,0,0,0,0,0,21
1,0,0,81,81,0,0,0,0,0,0,0,0,0,0,0,21
1,0,0,78,78,0,0,0,0,0,0,0,0,0,0,0,21
1,0,0,80,80,0,0,0,0,0,0,0,0,0,0,0,21
1,0,0,90,90,0,0,0,0,0,0,0,0,0,0,0,21
1,0,0,58,58,0,0,0,0,0,0,0,0,0,0,0,21
1,0,0,82,82,0,0,0,0,0,0,0,0,0,0,0,21
1,0,0,100,100,0,0,0,0,0,0,0,0,0,0,0,21
1,0,0,84,84,0,0,0,0,0,0,0,0,0,0,0,21
1,0,0,80,80,0,0,0,0,0,0,0,0,0,0,0,21
1,0,0,100,100,0,0,0,0,0,0,0,0,0,0,0,21
1,0,0,78,78,0,0,0,0,0,0,0,0,0,0,0,21
1,0,0,76,76,0,0,0,0,0,0,0,0,0,0,0,21
1,0,0,100,100,0,0,0,0,0,0,0,0,0,0,0,21
1,0,0,93,93,0,0,0,0,0,0,0,0,0,0,0,21
1,0,0,100,100,0,0,0,0,0,0,0,0,0,0,0,21
1,0,0,64,64,0,0,0,0,0,0,0,0,0,0,0,21
1,0,0,80,80,0,0,0,0,0,0,0,0,0,0,0,21
1,89.5,91.0576481314771,91,91,4,1,0,0.18,0,0,0,0,0,0,0,21
1,0,0,67,67,0,0,0,0,0,0,0,0,0,0,0,21
1,0,0,88,88,0,0,0,0,0,0,0,0,0,0,0,21
1,0,0,96,96,0,0,0,0,0,0,0,0,0,0,0,21
1,0,0,100,100,0,0,0,0,0,0,0,0,0,0,0,21
1,0,0,91,91,0,0,0,0,0,0,0,0,0,0,0,21
1,0,0,100,100,0,0,0,0,0,0,0,0,0,0,0,21
1,0,0,85,85,0,0,0,0,0,0,0,0,0,0,0,21
1,0,0,83,83,0,0,0,0,0,0,0,0,0,0,0,21
1,0,0,92,92,0,0,0,0,0,0,0,0,0,0,0,21
1,0,0,95,95,0,0,0,0,0,0,0,0,0,0,0,21
1,0,0,89,89,0,0,0,0,0,0,0,0,0,0,0,21
1,0,0,88,88,0,0,0,0,0,0,0,0,0,0,0,21
1,0,0,91,91,0,0,0,0,0,0,0,0,0,0,0,21
1,0,0,91,91,0,0,0,0,0,0,0,0,0,0,0,21
1,0,0,62,62,0,0,0,0,0,0,0,0,0,0,0,21
1,0,0,89,89,0,0,0,0,0,0,0,0,0,0,0,21
1,0,0,66,66,0,0,0,0,0,0,0,0,0,0,0,21
1,0,0,72,72,0,0,0,0,0,0,0,0,0,0,0,21
1,0,0,79,79,0,0,0,0,0,0,0,0,0,0,0,21
1,0,0,79,79,0,0,0,0,0,0,0,0,0,0,0,21
1,0,0,78,78,0,0,0,0,0,0,0,0,0,0,0,21
1,0,0,72,72,0,0,0,0,0,0,0,0,0,0,0,21
1,0,0,86,86,0,0,0,0,0,0,0,0,0,0,0,21
1,0,0,98,98,0,0,0,0,0,0,0,0,0,0,0,21
1,0,0,95,95,0,0,0,0,0,0,0,0,0,0,0,21
1,0,0,89,89,0,0,0,0,0,0,0,0,0,0,0,21
1,0,0,83,83,0,0,0,0,0,0,0,0,0,0,0,21
1,0,0,91,91,0,0,0,0,0,0,0,0,0,0,0,21
1,0,0,61,61,0,0,0,0,0,0,0,0,0,0,0,21
1,0,0,76,76,0,0,0,0,0,0,0,0,0,0,0,21
1,0,0,97,97,0,0,0,0,0,0,0,0,0,0,0,21
1,0,0,78,78,0,0,0,0,0,0,0,0,0,0,0,21
1,0,0,90,90,0,0,0,0,0,0,0,0,0,0,0,21
1,0,0,85,85,0,0,0,0,0,0,0,0,0,0,0,21
1,0,0,78,78,0,0,0,0,0,0,0,0,0,0,0,21
1,0,0,83,83,0,0,0,0,0,0,0,0,0,0,0,21
1,0,0,92,92,0,0,0,0,0,0,0,0,0,0,0,21
1,0,0,88,88,0,0,0,0,0,0,0,0,0,0,0,21
1,0,0,89,89,0,0,0,0,0,0,0,0,0,0,0,21
1,0,0,63,63,0,0,0,0,0,0,0,0,0,0,0,21
1,0,0,82,82,0,0,0,0,0,0,0,0,0,0,0,21
1,0,0,79,79,0,0,0,0,0,0,0,0,0,0,0,21
1,0,0,89,89,0,0,0,0,0,0,0,0,0,0,0,21
1,0,0,94,94,0,0,0,0,0,0,0,0,0,0,0,21
1,0,0,90,90,0,0,0,0,0,0,0,0,0,0,0,21
1,0,0,100,100,0,0,0,0,0,0,0,0,0,0,0,21
1,0,0,57,57,0,0,0,0,0,0,0,0,0,0,0,21
1,0,0,55,55,0,0,0,0,0,0,0,0,0,0,0,21
1,0,0,82,82,0,0,0,0,0,0,0,0,0,0,0,21
1,0,0,54,54,0,0,0,0,0,0,0,0,0,0,0,21
1,0,0,95,95,0,0,0,0,0,0,0,0,0,0,0,21
1,0,0,80,80,0,0,0,0,0,0,0,0,0,0,0,21
1,0,0,87,87,0,0,0,0,0,0,0,0,0,0,0,21
1,78.5,90.1522206228642,82,82,2,1,0,0.18,0,0,0,0,0,0,0,21
1,0,0,79,79,0,0,0,0,0,0,0,0,0,0,0,21
1,0,0,66,66,0,0,0,0,0,0,0,0,0,0,0,21
1,0,0,89,89,0,0,0,0,0,0,0,0,0,0,0,21
1,0,0,70,70,0,0,0,0,0,0,0,0,0,0,0,21
1,0,0,85,85,0,0,0,0,0,0,0,0,0,0,0,21
1,0,0,80,80,0,0,0,0,0,0,0,0,0,0,0,21
1,0,0,88,88,0,0,0,0,0,0,0,0,0,0,0,21
1,0,0,58,58,0,0,0,0,0,0,0,0,0,0,0,21
1,0,0,90,90,0,0,0,0,0,0,0,0,0,0,0,21
1,0,0,90,90,0,0,0,0,0,0,0,0,0,0,0,21
1,0,0,86,86,0,0,0,0,0,0,0,0,0,0,0,21
1,0,0,69,69,0,0,0,0,0,0,0,0,0,0,0,21
1,0,0,72,72,0,0,0,0,0,0,0,0,0,0,0,21
1,0,0,60,60,0,0,0,0,0,0,0,0,0,0,0,21
1,0,0,71,71,0,0,0,0,0,0,0,0,0,0,0,21
1,0,0,98,98,0,0,0,0,0,0,0,0,0,0,0,21
1,0,0,77,77,0,0,0,0,0,0,0,0,0,0,0,21
1,0,0,73,73,0,0,0,0,0,0,0,0,0,0,0,21
1,0,0,88,88,0,0,0,0,0,0,0,0,0,0,0,21
1,0,0,61,61,0,0,0,0,0,0,0,0,0,0,0,21
1,0,0,72,72,0,0,0,0,0,0,0,0,0,0,0,21
1,0,0,100,100,0,0,0,0,0,0,0,0,0,0,0,21
1,0,0,100,100,0,0,0,0,0,0,0,0,0,0,0,21
1,0,0,100,100,0,0,0,0,0,0,0,0,0,0,0,21
1,0,0,76,76,0,0,0,0,0,0,0,0,0,0,0,21
1,0,0,100,100,0,0,0,0,0,0,0,0,0,0,0,21
1,0,0,80,80,0,0,0,0,0,0,0,0,0,0,0,21
1,0,0,74,74,0,0,0,0,1,0,0,0,0,0,1,50
1,0,0,88,88,0,0,0,0,1,0,0,0,0,0,1,50
1,0,0,72,72,0,0,0,0,1,0,0,0,0,0,1,50
1,0,0,75,75,0,0,0,0,1,0,0,0,0,0,1,50
1,0,0,82,82,0,0,0,0,1,0,0,0,0,0,1,50
1,0,0,74,74,0,0,0,0,1,0,0,0,0,0,1,50
1,0,0,70,70,0,0,0,0,1,0,0,0,0,0,1,50
1,0,0,83,83,0,0,0,0,1,0,0,0,0,0,1,50
1,0,0,100,100,0,0,0,0,1,0,0,0,0,0,1,50
1,0,0,86,86,0,0,0,0,1,0,0,0,0,0,1,50
1,0,0,95,95,0,0,0,0,1,0,0,0,0,0,1,50
1,0,0,86,86,0,0,0,0,1,0,0,0,0,0,1,50
1,0,0,79,79,0,0,0,0,1,0,0,0,0,0,1,50
1,0,0,73,73,0,0,0,0,1,0,0,0,0,0,1,50
1,0,0,90,90,0,0,0,0,1,0,0,0,0,0,1,50
1,0,0,91,91,0,0,0,0,1,0,0,0,0,0,1,50
1,0,0,72,72,0,0,0,0,1,0,0,0,0,0,1,50
1,0,0,81,81,0,0,0,0,1,0,0,0,0,0,1,50
1,0,0,87,87,0,0,0,0,1,0,0,0,0,0,1,50
1,75.5,79.6967988743046,97,79.6967988743046,4,1,0,0.28,1,0,1,0.486979292103667,0,0,1,50
1,0,0,89,89,0,0,0,0,1,0,0,0,0,0,1,50
1,0,0,87,87,0,0,0,0,1,0,0,0,0,0,1,50
1,0,0,91,91,0,0,0,0,1,0,0,0,0,0,1,50
1,0,0,73,73,0,0,0,0,1,0,0,0,0,0,1,50
1,0,0,92,92,0,0,0,0,1,0,0,0,0,0,1,50
1,0,0,84,84,0,0,0,0,1,0,0,0,0,0,1,50
1,0,0,85,85,0,0,0,0,1,0,0,0,0,0,1,50
1,0,0,86,86,0,0,0,0,1,0,0,0,0,0,1,50
1,0,0,78,78,0,0,0,0,1,0,0,0,0,0,1,50
1,0,0,89,89,0,0,0,0,1,0,0,0,0,0,1,50
1,0,0,75,75,0,0,0,0,1,0,0,0,0,0,1,50
1,0,0,93,93,0,0,0,0,1,0,0,0,0,0,1,50
1,0,0,84,84,0,0,0,0,1,0,0,0,0,0,1,50
1,0,0,76,76,0,0,0,0,1,0,0,0,0,0,1,50
1,0,0,71,71,0,0,0,0,1,0,0,0,0,0,1,50
1,0,0,75,75,0,0,0,0,1,0,0,0,0,0,1,50
1,77.5,82.599182719859,81,81,1,4,0,0.14,1,0,1,0.192663855622423,0,0,1,50
1,78.5,79.5049689488552,90,79.5049689488552,1,4,0,0.14,1,0,1,1.00496894885516,0,0,1,50
1,0,0,90,90,0,0,0,0,1,0,0,0,0,0,1,50
1,0,0,71,71,0,0,0,0,1,0,0,0,0,0,1,50
1,0,0,70,70,0,0,0,0,1,0,0,0,0,0,1,50
1,0,0,81,81,0,0,0,0,1,0,0,0,0,0,1,50
1,0,0,83,83,0,0,0,0,1,0,0,0,0,0,1,50
1,0,0,73,73,0,0,0,0,1,0,0,0,0,0,1,50
1,88.5,89.6997932730326,98,89.6997932730326,4,6,0,0,1,0,0,0,0,0,1,50
1,0,0,75,75,0,0,0,0,1,0,0,0,0,0,1,50
1,0,0,75,75,0,0,0,0,1,0,0,0,0,0,1,50
1,0,0,80,80,0,0,0,0,1,0,0,0,0,0,1,50
1,0,0,71,71,0,0,0,0,1,0,0,0,0,0,1,50
1,0,0,81,81,0,0,0,0,1,0,0,0,0,0,1,50
1,0,0,91,91,0,0,0,0,1,0,0,0,0,0,1,50
1,0,0,77,77,0,0,0,0,1,0,0,0,0,0,1,50
1,0,0,77,77,0,0,0,0,1,0,0,0,0,0,1,50
1,0,0,87,87,0,0,0,0,1,0,0,0,0,0,1,50
1,0,0,86,86,0,0,0,0,1,0,0,0,0,0,1,50
1,0,0,87,87,0,0,0,0,1,0,0,0,0,0,1,50
1,0,0,70,70,0,0,0,0,1,0,0,0,0,0,1,50
1,0,0,79,79,0,0,0,0,1,0,0,0,0,0,1,50
1,0,0,85,85,0,0,0,0,1,0,0,0,0,0,1,50
1,0,0,70,70,0,0,0,0,1,0,0,0,0,0,1,50
1,0,0,98,98,0,0,0,0,1,0,0,0,0,0,1,50
1,73.5,73.7573881445895,77,73.7573881445895,4,4,0,0.18,1,0,1,0.257388144589537,0,0,1,50
1,76.5,76.616443072773,84,76.616443072773,1,6,0,0.28,1,0,0,0,0,0,1,50
1,0,0,87,87,0,0,0,0,1,0,0,0,0,0,1,50
1,0,0,92,92,0,0,0,0,1,0,0,0,0,0,1,50
1,0,0,89,89,0,0,0,0,1,0,0,0,0,0,1,50
1,0,0,90,90,0,0,0,0,1,0,0,0,0,0,1,50
1,90.5,94.5161470713448,91,91,2,6,0,0,1,0,0,0,0,0,1,50
1,0,0,70,70,0,0,0,0,1,0,0,0,0,0,1,50
1,0,0,91,91,0,0,0,0,1,0,0,0,0,0,1,50
1,0,0,97,97,0,0,0,0,1,0,0,0,0,0,1,50
1,0,0,86,86,0,0,0,0,1,0,0,0,0,0,1,50
1,0,0,70,70,0,0,0,0,1,0,0,0,0,0,1,50
1,0,0,71,71,0,0,0,0,1,0,0,0,0,0,1,50
1,0,0,93,93,0,0,0,0,1,0,0,0,0,0,1,50
1,0,0,83,83,0,0,0,0,1,0,0,0,0,0,1,50
1,0,0,76,76,0,0,0,0,1,0,0,0,0,0,1,50
1,0,0,72,72,0,0,0,0,1,0,0,0,0,0,1,50
1,0,0,85,85,0,0,0,0,1,0,0,0,0,0,1,50
1,0,0,74,74,0,0,0,0,1,0,0,0,0,0,1,50
1,0,0,96,96,0,0,0,0,1,0,0,0,0,0,1,50
1,0,0,81,81,0,0,0,0,1,0,0,0,0,0,1,50
1,0,0,86,86,0,0,0,0,1,0,0,0,0,0,1,50
1,0,0,78,78,0,0,0,0,1,0,0,0,0,0,1,50
1,0,0,82,82,0,0,0,0,1,0,0,0,0,0,1,50
1,0,0,87,87,0,0,0,0,1,0,0,0,0,0,1,50
1,0,0,86,86,0,0,0,0,1,0,0,0,0,0,1,50
1,0,0,76,76,0,0,0,0,1,0,0,0,0,0,1,50
1,0,0,71,71,0,0,0,0,1,0,0,0,0,0,1,50
1,0,0,72,72,0,0,0,0,1,0,0,0,0,0,1,50
1,0,0,83,83,0,0,0,0,1,0,0,0,0,0,1,50
1,0,0,70,70,0,0,0,0,1,0,0,0,0,0,1,50
1,0,0,89,89,0,0,0,0,1,0,0,0,0,0,1,50
1,0,0,99,99,0,0,0,0,1,0,0,0,0,0,1,50
2,0,0,84,84,0,0,0,0,1,0,0,0,0,0,1,49
2,0,0,78,78,0,0,0,0,1,0,0,0,0,0,1,49
2,68.5,100,86,86,4,1,0,0.14,1,0,1,68.874153568213,0,0,1,49
2,0,0,86,86,0,0,0,0,1,0,0,0,0,0,1,49
2,0,0,86,86,0,0,0,0,1,0,0,0,0,0,1,49
2,0,0,68,68,0,0,0,0,1,0,0,0,0,0,1,49
2,0,0,80,80,0,0,0,0,1,0,0,0,0,0,1,49
2,0,0,70,70,0,0,0,0,1,0,0,0,0,0,1,49
2,0,0,95,95,0,0,0,0,1,0,0,0,0,0,1,49
2,0,0,87,87,0,0,0,0,1,0,0,0,0,0,1,49
2,0,0,82,82,0,0,0,0,1,0,0,0,0,0,1,49
2,89.5,89.6244706307439,97,89.6244706307439,2,6,0,0,1,0,0,0,0,0,1,49
2,0,0,94,94,0,0,0,0,1,0,0,0,0,0,1,49
2,0,0,83,83,0,0,0,0,1,0,0,0,0,0,1,49
2,0,0,74,74,0,0,0,0,1,0,0,0,0,0,1,49
2,0,0,72,72,0,0,0,0,1,0,0,0,0,0,1,49
2,0,0,76,76,0,0,0,0,1,0,0,0,0,0,1,49
2,0,0,77,77,0,0,0,0,1,0,0,0,0,0,1,49
2,0,0,76,76,0,0,0,0,1,0,0,0,0,0,1,49
2,0,0,72,72,0,0,0,0,1,0,0,0,0,0,1,49
2,0,0,89,89,0,0,0,0,1,0,0,0,0,0,1,49
2,89,0,89,89,2,1,0,0,1,1,0,0,0,0,1,49
2,0,0,69,69,0,0,0,0,1,0,0,0,0,0,1,49
2,0,0,82,82,0,0,0,0,1,0,0,0,0,0,1,49
2,0,0,79,79,0,0,0,0,1,0,0,0,0,0,1,49
2,82.5,88.4055368340317,85,85,4,1,0,0.46,1,0,0,0,0,0,1,49
2,0,0,89,89,0,0,0,0,1,0,0,0,0,0,1,49
2,0,0,89,89,0,0,0,0,1,0,0,0,0,0,1,49
2,0,0,71,71,0,0,0,0,1,0,0,0,0,0,1,49
2,0,0,75,75,0,0,0,0,1,0,0,0,0,0,1,49
2,0,0,70,70,0,0,0,0,1,0,0,0,0,0,1,49
2,0,0,81,81,0,0,0,0,1,0,0,0,0,0,1,49
2,0,0,87,87,0,0,0,0,1,0,0,0,0,0,1,49
2,0,0,91,91,0,0,0,0,1,0,0,0,0,0,1,49
2,0,0,73,73,0,0,0,0,1,0,0,0,0,0,1,49
2,0,0,83,83,0,0,0,0,1,0,0,0,0,0,1,49
2,0,0,84,84,0,0,0,0,1,0,0,0,0,0,1,55
2,0,0,81,81,0,0,0,0,1,0,0,0,0,0,1,55
2,0,0,96,96,0,0,0,0,1,0,0,0,0,0,1,55
2,0,0,100,100,0,0,0,0,1,0,0,0,0,0,1,55
2,0,0,96,96,0,0,0,0,1,0,0,0,0,0,1,55
2,0,0,100,100,0,0,0,0,1,0,0,0,0,0,1,55
2,0,0,78,78,0,0,0,0,1,0,0,0,0,0,1,55
2,0,0,82,82,0,0,0,0,1,0,0,0,0,0,1,55
2,0,0,87,87,0,0,0,0,1,0,0,0,0,0,1,55
2,0,0,81,81,0,0,0,0,1,0,0,0,0,0,1,55
2,0,0,81,81,0,0,0,0,1,0,0,0,0,0,1,55
2,0,0,81,81,0,0,0,0,1,0,0,0,0,0,1,55
2,76.5,81.5257272365954,88,81.5257272365954,4,1,0,0.28,1,0,1,0.875839705226313,0,0,1,55
2,0,0,93,93,0,0,0,0,1,0,0,0,0,0,1,55
2,0,0,100,100,0,0,0,0,1,0,0,0,0,0,1,55
2,0,0,100,100,0,0,0,0,1,0,0,0,0,0,1,55
2,0,0,95,95,0,0,0,0,1,0,0,0,0,0,1,55
2,0,0,80,80,0,0,0,0,1,0,0,0,0,0,1,55
2,0,0,86,86,0,0,0,0,1,0,0,0,0,0,1,55
2,0,0,93,93,0,0,0,0,1,0,0,0,0,0,1,55
2,0,0,81,81,0,0,0,0,1,0,0,0,0,0,1,55
2,0,0,85,85,0,0,0,0,1,0,0,0,0,0,1,55
2,0,0,84,84,0,0,0,0,1,0,0,0,0,0,1,55
2,0,0,82,82,0,0,0,0,1,0,0,0,0,0,1,55
2,0,0,90,90,0,0,0,0,1,0,0,0,0,0,1,55
2,0,0,84,84,0,0,0,0,1,0,0,0,0,0,1,55
2,92.5,92.7196195593389,100,92.7196195593389,3,6,0,0,1,0,0,0,0,0,1,55
2,0,0,81,81,0,0,0,0,1,0,0,0,0,0,1,55
2,0,0,82,82,0,0,0,0,1,0,0,0,0,0,1,55
2,0,0,92,92,0,0,0,0,1,0,0,0,0,0,1,55
2,0,0,82,82,0,0,0,0,1,0,0,0,0,0,1,55
2,0,0,91,91,0,0,0,0,1,0,0,0,0,0,1,55
2,0,0,88,88,0,0,0,0,1,0,0,0,0,0,1,55
2,0,0,88,88,0,0,0,0,1,0,0,0,0,0,1,55
2,77.5,100,94,94,4,1,0,0.32,1,0,1,46.9704970016191,0,0,1,55
2,0,0,97,97,0,0,0,0,1,0,0,0,0,0,1,55
2,0,0,91,91,0,0,0,0,1,0,0,0,0,0,1,55
2,0,0,80,80,0,0,0,0,1,0,0,0,0,0,1,55
2,0,0,88,88,0,0,0,0,1,0,0,0,0,0,1,55
2,0,0,82,82,0,0,0,0,1,0,0,0,0,0,1,55
2,0,0,90,90,0,0,0,0,1,0,0,0,0,0,1,55
2,0,0,90,90,0,0,0,0,1,0,0,0,0,0,1,55
2,80.5,80.920536641129,92,80.920536641129,4,6,0,0.14,1,0,0,0,0,0,1,55
2,0,0,84,84,0,0,0,0,1,0,0,0,0,0,1,55
2,0,0,90,90,0,0,0,0,1,0,0,0,0,0,1,55
2,0,0,91,91,0,0,0,0,1,0,0,0,0,0,1,55
2,0,0,88,88,0,0,0,0,1,0,0,0,0,0,1,55
2,0,0,78,78,0,0,0,0,1,0,0,0,0,0,1,55
2,0,0,82,82,0,0,0,0,1,0,0,0,0,0,1,55
2,0,0,99,99,0,0,0,0,1,0,0,0,0,0,1,55
2,74.5,100,87,87,2,1,0,0.32,1,0,1,999.493909315667,0,0,1,55
2,0,0,82,82,0,0,0,0,1,0,0,0,0,0,1,55
2,0,0,82,82,0,0,0,0,1,0,0,0,0,0,1,55
2,96.5,97.6008889529363,100,97.6008889529363,2,1,0,0.18,1,0,0,0,0,0,1,55
2,0,0,97,97,0,0,0,0,1,0,0,0,0,0,1,55
2,0,0,85,85,0,0,0,0,1,0,0,0,0,0,1,55
2,0,0,87,87,0,0,0,0,1,0,0,0,0,0,1,55
2,0,0,81,81,0,0,0,0,1,0,0,0,0,0,1,55
2,0,0,90,90,0,0,0,0,1,0,0,0,0,0,1,55
2,0,0,85,85,0,0,0,0,1,0,0,0,0,0,1,55
2,0,0,89,89,0,0,0,0,1,0,0,0,0,0,1,55
2,0,0,82,82,0,0,0,0,1,0,0,0,0,0,1,55
2,0,0,78,78,0,0,0,0,1,0,0,0,0,0,1,55
2,0,0,84,84,0,0,0,0,1,0,0,0,0,0,1,55
2,0,0,84,84,0,0,0,0,1,0,0,0,0,0,1,55
2,0,0,88,88,0,0,0,0,1,0,0,0,0,0,1,55
2,0,0,88,88,0,0,0,0,1,0,0,0,0,0,1,55
2,0,0,78,78,0,0,0,0,1,0,0,0,0,0,1,55
2,0,0,85,85,0,0,0,0,1,0,0,0,0,0,1,55
2,0,0,90,90,0,0,0,0,1,0,0,0,0,0,1,55
2,0,0,97,97,0,0,0,0,1,0,0,0,0,0,1,55
2,0,0,94,94,0,0,0,0,1,0,0,0,0,0,1,55
2,0,0,92,92,0,0,0,0,1,0,0,0,0,0,1,55
2,0,0,78,78,0,0,0,0,1,0,0,0,0,0,1,55
2,0,0,82,82,0,0,0,0,1,0,0,0,0,0,1,55
2,0,0,93,93,0,0,0,0,1,0,0,0,0,0,1,55
2,0,0,94,94,0,0,0,0,1,0,0,0,0,0,1,55
2,0,0,88,88,0,0,0,0,1,0,0,0,0,0,1,55
2,0,0,98,98,0,0,0,0,1,0,0,0,0,0,1,55
2,0,0,90,90,0,0,0,0,1,0,0,0,0,0,1,55
2,0,0,91,91,0,0,0,0,1,0,0,0,0,0,1,55
2,0,0,82,82,0,0,0,0,1,0,0,0,0,0,1,55
2,92.5,92.6258178531416,93,92.6258178531416,4,2,0,0.18,1,0,0,0,0,0,1,55
2,0,0,85,85,0,0,0,0,1,0,0,0,0,0,1,55
2,0,0,87,87,0,0,0,0,1,0,0,0,0,0,1,55
2,0,0,100,100,0,0,0,0,1,0,0,0,0,0,1,55
2,0,0,95,95,0,0,0,0,1,0,0,0,0,0,1,55
2,0,0,93,93,0,0,0,0,1,0,0,0,0,0,1,55
2,75.5,83.6711070590156,93,83.6711070590156,2,2,0,0.28,1,0,1,8.17110705901556,0,0,1,55
2,0,0,90,90,0,0,0,0,1,0,0,0,0,0,1,55
2,0,0,88,88,0,0,0,0,1,0,0,0,0,0,1,55
2,0,0,95,95,0,0,0,0,1,0,0,0,0,0,1,55
2,0,0,80,80,0,0,0,0,1,0,0,0,0,0,1,55
2,0,0,78,78,0,0,0,0,1,0,0,0,0,0,1,55
2,0,0,78,78,0,0,0,0,1,0,0,0,0,0,1,55
2,0,0,84,84,0,0,0,0,1,0,0,0,0,0,1,55
2,0,0,78,78,0,0,0,0,1,0,0,0,0,0,1,55
2,0,0,85,85,0,0,0,0,1,0,0,0,0,0,1,55
2,0,0,99,99,0,0,0,0,1,0,0,0,0,0,1,55
2,0,0,78,78,0,0,0,0,1,0,0,0,0,0,1,55
2,0,0,87,87,0,0,0,0,1,0,0,0,0,0,1,55
2,0,0,98,98,0,0,0,0,1,0,0,0,0,0,1,55
2,0,0,100,100,0,0,0,0,1,0,0,0,0,0,1,55
2,0,0,95,95,0,0,0,0,1,0,0,0,0,0,1,55
2,0,0,92,92,0,0,0,0,1,0,0,0,0,0,1,55
2,0,0,91,91,0,0,0,0,1,0,0,0,0,0,1,55
2,0,0,85,85,0,0,0,0,1,0,0,0,0,0,1,55
2,0,0,87,87,0,0,0,0,1,0,0,0,0,0,1,55
2,0,0,89,89,0,0,0,0,1,0,0,0,0,0,1,55
2,0,0,87,87,0,0,0,0,1,0,0,0,0,0,1,55
2,0,0,85,85,0,0,0,0,1,0,0,0,0,0,1,55
2,0,0,83,83,0,0,0,0,1,0,0,0,0,0,1,55
2,0,0,98,98,0,0,0,0,1,0,0,0,0,0,1,55
2,0,0,79,79,0,0,0,0,1,0,0,0,0,0,1,55
2,0,0,88,88,0,0,0,0,1,0,0,0,0,0,1,55
2,0,0,81,81,0,0,0,0,1,0,0,0,0,0,1,55
2,0,0,79,79,0,0,0,0,1,0,0,0,0,0,1,55
2,89.5,89.9265809115379,99,89.9265809115379,2,6,0,0,1,0,0,0,0,0,1,55
2,84.5,84.7634763081404,95,84.7634763081404,2,6,0,0.14,1,0,0,0,0,0,1,55
2,0,0,91,91,0,0,0,0,1,0,0,0,0,0,1,55
2,0,0,92,92,0,0,0,0,1,0,0,0,0,0,1,55
1,0,0,79,79,0,0,0,0,1,0,0,0,0,0,1,38
1,0,0,98,98,0,0,0,0,1,0,0,0,0,0,1,38
1,0,0,100,100,0,0,0,0,1,0,0,0,0,0,1,38
1,0,0,100,100,0,0,0,0,1,0,0,0,0,0,1,38
1,0,0,94,94,0,0,0,0,1,0,0,0,0,0,1,38
1,0,0,88,88,0,0,0,0,1,0,0,0,0,0,1,38
1,0,0,84,84,0,0,0,0,1,0,0,0,0,0,1,38
1,0,0,69,69,0,0,0,0,1,0,0,0,0,0,1,38
1,92.5,92.613993457919,96,92.613993457919,4,6,0,0.46,1,0,0,0,0,0,1,38
1,0,0,95,95,0,0,0,0,1,0,0,0,0,0,1,38
1,0,0,69,69,0,0,0,0,1,0,0,0,0,0,1,38
1,0,0,89,89,0,0,0,0,1,0,0,0,0,0,1,38
1,0,0,79,79,0,0,0,0,1,0,0,0,0,0,1,38
1,0,0,94,94,0,0,0,0,1,0,0,0,0,0,1,38
1,0,0,100,100,0,0,0,0,1,0,0,0,0,0,1,38
1,0,0,85,85,0,0,0,0,1,0,0,0,0,0,1,38
1,63.5,100,82,82,2,1,0,0.14,1,0,1,169.416259459243,0,0,1,38
1,0,0,94,94,0,0,0,0,1,0,0,0,0,0,1,38
1,88.5,88.5749304187528,90,88.5749304187528,4,6,0,0.28,1,0,0,0,0,0,1,38
1,0,0,100,100,0,0,0,0,1,0,0,0,0,0,1,38
1,0,0,89,89,0,0,0,0,1,0,0,0,0,0,1,38
1,0,0,73,73,0,0,0,0,1,0,0,0,0,0,1,38
1,0,0,94,94,0,0,0,0,1,0,0,0,0,0,1,38
1,0,0,82,82,0,0,0,0,1,0,0,0,0,0,1,38
1,0,0,80,80,0,0,0,0,1,0,0,0,0,0,1,38
1,0,0,91,91,0,0,0,0,1,0,0,0,0,0,1,38
1,0,0,77,77,0,0,0,0,1,0,0,0,0,0,1,38
1,0,0,93,93,0,0,0,0,1,0,0,0,0,0,1,38
1,0,0,91,91,0,0,0,0,1,0,0,0,0,0,1,38
1,0,0,100,100,0,0,0,0,1,0,0,0,0,0,1,38
1,0,0,93,93,0,0,0,0,1,0,0,0,0,0,1,38
1,0,0,94,94,0,0,0,0,1,0,0,0,0,0,1,38
1,0,0,72,72,0,0,0,0,1,0,0,0,0,0,1,38
1,0,0,86,86,0,0,0,0,1,0,0,0,0,0,1,38
1,0,0,82,82,0,0,0,0,1,0,0,0,0,0,1,38
1,0,0,61,61,0,0,0,0,1,0,0,0,0,0,1,38
1,0,0,87,87,0,0,0,0,1,0,0,0,0,0,1,38
1,0,0,60,60,0,0,0,0,1,0,0,0,0,0,1,38
1,0,0,59,59,0,0,0,0,1,0,0,0,0,0,1,38
1,0,0,81,81,0,0,0,0,1,0,0,0,0,0,1,38
1,0,0,75,75,0,0,0,0,1,0,0,0,0,0,1,38
1,0,0,89,89,0,0,0,0,1,0,0,0,0,0,1,38
1,0,0,78,78,0,0,0,0,1,0,0,0,0,0,1,38
1,87.5,87.6775570398584,96,87.6775570398584,4,5,0,0.32,1,0,0,0,0,0,1,38
1,0,0,90,90,0,0,0,0,1,0,0,0,0,0,1,38
1,67.5,71.6004915655606,99,71.6004915655606,3,5,0,0.28,1,0,1,4.10049156556057,0,0,1,38
1,0,0,97,97,0,0,0,0,1,0,0,0,0,0,1,38
1,92.5,92.7894533405481,100,92.7894533405481,4,6,0,0.14,1,0,0,0,0,0,1,38
1,0,0,100,100,0,0,0,0,1,0,0,0,0,0,1,38
1,0,0,92,92,0,0,0,0,1,0,0,0,0,0,1,38
1,0,0,100,100,0,0,0,0,1,0,0,0,0,0,1,38
1,0,0,100,100,0,0,0,0,1,0,0,0,0,0,1,38
1,0,0,100,100,0,0,0,0,1,0,0,0,0,0,1,38
1,0,0,100,100,0,0,0,0,1,0,0,0,0,0,1,38
1,0,0,72,72,0,0,0,0,1,0,0,0,0,0,1,38
1,0,0,82,82,0,0,0,0,1,0,0,0,0,0,1,38
1,71.5,71.6321436617743,78,71.6321436617743,4,6,0,0.14,1,0,1,0.132143661774281,0,0,1,38
1,0,0,96,96,0,0,0,0,1,0,0,0,0,0,1,38
1,0,0,87,87,0,0,0,0,1,0,0,0,0,0,1,38
1,0,0,74,74,0,0,0,0,1,0,0,0,0,0,1,38
1,0,0,95,95,0,0,0,0,1,0,0,0,0,0,1,38
1,0,0,85,85,0,0,0,0,1,0,0,0,0,0,1,38
1,0,0,62,62,0,0,0,0,1,0,0,0,0,0,1,38
1,0,0,85,85,0,0,0,0,1,0,0,0,0,0,1,38
1,0,0,98,98,0,0,0,0,1,0,0,0,0,0,1,38
1,0,0,88,88,0,0,0,0,1,0,0,0,0,0,1,38
1,0,0,93,93,0,0,0,0,1,0,0,0,0,0,1,38
1,0,0,85,85,0,0,0,0,1,0,0,0,0,0,1,38
1,0,0,85,85,0,0,0,0,1,0,0,0,0,0,1,38
1,0,0,100,100,0,0,0,0,1,0,0,0,0,0,1,38
1,0,0,100,100,0,0,0,0,1,0,0,0,0,0,1,38
1,0,0,90,90,0,0,0,0,1,0,0,0,0,0,1,38
1,0,0,78,78,0,0,0,0,1,0,0,0,0,0,1,38
1,0,0,100,100,0,0,0,0,1,0,0,0,0,0,1,38
1,0,0,95,95,0,0,0,0,1,0,0,0,0,0,1,38
1,0,0,82,82,0,0,0,0,1,0,0,0,0,0,1,38
1,0,0,87,87,0,0,0,0,1,0,0,0,0,0,1,38
1,0,0,66,66,0,0,0,0,1,0,0,0,0,0,1,38
1,0,0,91,91,0,0,0,0,1,0,0,0,0,0,1,38
1,0,0,78,78,0,0,0,0,1,0,0,0,0,0,1,38
1,0,0,80,80,0,0,0,0,1,0,0,0,0,0,1,38
1,0,0,59,59,0,0,0,0,1,0,0,0,0,0,1,38
1,0,0,87,87,0,0,0,0,1,0,0,0,0,0,1,38
1,0,0,95,95,0,0,0,0,1,0,0,0,0,0,1,38
1,0,0,92,92,0,0,0,0,1,0,0,0,0,0,1,48
1,0,0,85,85,0,0,0,0,1,0,0,0,0,0,1,48
1,0,0,91,91,0,0,0,0,1,0,0,0,0,0,1,48
1,0,0,78,78,0,0,0,0,1,0,0,0,0,0,1,48
1,0,0,88,88,0,0,0,0,1,0,0,0,0,0,1,48
1,0,0,78,78,0,0,0,0,1,0,0,0,0,0,1,48
1,0,0,91,91,0,0,0,0,1,0,0,0,0,0,1,48
1,0,0,71,71,0,0,0,0,1,0,0,0,0,0,1,48
1,0,0,77,77,0,0,0,0,1,0,0,0,0,0,1,48
1,0,0,85,85,0,0,0,0,1,0,0,0,0,0,1,48
1,0,0,82,82,0,0,0,0,1,0,0,0,0,0,1,48
1,0,0,93,93,0,0,0,0,1,0,0,0,0,0,1,48
1,0,0,84,84,0,0,0,0,1,0,0,0,0,0,1,48
1,0,0,85,85,0,0,0,0,1,0,0,0,0,0,1,48
1,0,0,77,77,0,0,0,0,1,0,0,0,0,0,1,48
1,0,0,71,71,0,0,0,0,1,0,0,0,0,0,1,48
1,0,0,70,70,0,0,0,0,1,0,0,0,0,0,1,48
1,0,0,88,88,0,0,0,0,1,0,0,0,0,0,1,48
1,0,0,89,89,0,0,0,0,1,0,0,0,0,0,1,48
1,0,0,70,70,0,0,0,0,1,0,0,0,0,0,1,48
1,0,0,77,77,0,0,0,0,1,0,0,0,0,0,1,48
1,0,0,91,91,0,0,0,0,1,0,0,0,0,0,1,48
1,0,0,82,82,0,0,0,0,1,0,0,0,0,0,1,48
1,0,0,74,74,0,0,0,0,1,0,0,0,0,0,1,48
1,0,0,86,86,0,0,0,0,1,0,0,0,0,0,1,48
1,0,0,76,76,0,0,0,0,1,0,0,0,0,0,1,48
1,0,0,84,84,0,0,0,0,1,0,0,0,0,0,1,48
1,0,0,94,94,0,0,0,0,1,0,0,0,0,0,1,48
1,0,0,90,90,0,0,0,0,1,0,0,0,0,0,1,48
1,0,0,81,81,0,0,0,0,1,0,0,0,0,0,1,48
1,0,0,74,74,0,0,0,0,1,0,0,0,0,0,1,48
1,0,0,85,85,0,0,0,0,1,0,0,0,0,0,1,48
1,0,0,98,98,0,0,0,0,1,0,0,0,0,0,1,48
1,0,0,91,91,0,0,0,0,1,0,0,0,0,0,1,48
1,0,0,70,70,0,0,0,0,1,0,0,0,0,0,1,48
1,92.5,92.9633498148623,94,92.9633498148623,3,1,0,0.32,1,0,0,0,0,0,1,48
1,0,0,83,83,0,0,0,0,1,0,0,0,0,0,1,48
1,0,0,82,82,0,0,0,0,1,0,0,0,0,0,1,48
1,0,0,89,89,0,0,0,0,1,0,0,0,0,0,1,48
1,0,0,71,71,0,0,0,0,1,0,0,0,0,0,1,48
1,0,0,71,71,0,0,0,0,1,0,0,0,0,0,1,48
1,0,0,90,90,0,0,0,0,1,0,0,0,0,0,1,48
1,0,0,73,73,0,0,0,0,1,0,0,0,0,0,1,48
1,0,0,78,78,0,0,0,0,1,0,0,0,0,0,1,48
1,0,0,87,87,0,0,0,0,1,0,0,0,0,0,1,48
1,0,0,94,94,0,0,0,0,1,0,0,0,0,0,1,48
1,0,0,88,88,0,0,0,0,1,0,0,0,0,0,1,48
1,0,0,90,90,0,0,0,0,1,0,0,0,0,0,1,48
1,0,0,70,70,0,0,0,0,1,0,0,0,0,0,1,48
1,0,0,78,78,0,0,0,0,1,0,0,0,0,0,1,48
1,0,0,83,83,0,0,0,0,1,0,0,0,0,0,1,48
1,0,0,74,74,0,0,0,0,1,0,0,0,0,0,1,48
1,0,0,93,93,0,0,0,0,1,0,0,0,0,0,1,48
1,0,0,73,73,0,0,0,0,1,0,0,0,0,0,1,48
1,0,0,78,78,0,0,0,0,1,0,0,0,0,0,1,48
1,0,0,74,74,0,0,0,0,1,0,0,0,0,0,1,48
1,0,0,100,100,0,0,0,0,1,0,0,0,0,0,1,48
1,0,0,75,75,0,0,0,0,1,0,0,0,0,0,1,48
1,0,0,73,73,0,0,0,0,1,0,0,0,0,0,1,48
1,69.5,71.5312888436923,78,71.5312888436923,2,3,0,0,1,0,1,2.03128884369234,0,0,1,48
1,0,0,80,80,0,0,0,0,1,0,0,0,0,0,1,48
1,0,0,80,80,0,0,0,0,1,0,0,0,0,0,1,48
1,0,0,81,81,0,0,0,0,1,0,0,0,0,0,1,48
1,0,0,70,70,0,0,0,0,1,0,0,0,0,0,1,48
1,0,0,80,80,0,0,0,0,1,0,0,0,0,0,1,48
1,0,0,72,72,0,0,0,0,1,0,0,0,0,0,1,48
1,0,0,77,77,0,0,0,0,1,0,0,0,0,0,1,48
1,0,0,78,78,0,0,0,0,1,0,0,0,0,0,1,48
1,0,0,77,77,0,0,0,0,1,0,0,0,0,0,1,48
1,0,0,83,83,0,0,0,0,1,0,0,0,0,0,1,48
1,0,0,79,79,0,0,0,0,1,0,0,0,0,0,1,48
1,0,0,72,72,0,0,0,0,1,0,0,0,0,0,1,48
1,0,0,85,85,0,0,0,0,1,0,0,0,0,0,1,48
1,0,0,75,75,0,0,0,0,1,0,0,0,0,0,1,48
1,0,0,85,85,0,0,0,0,1,0,0,0,0,0,1,48
1,0,0,91,91,0,0,0,0,1,0,0,0,0,0,1,48
1,0,0,78,78,0,0,0,0,1,0,0,0,0,0,1,48
1,0,0,71,71,0,0,0,0,1,0,0,0,0,0,1,48
2,0,0,87,87,0,0,0,0,1,0,0,0,0,0,0,31
2,0,0,100,100,0,0,0,0,1,0,0,0,0,0,0,31
2,0,0,69,69,0,0,0,0,1,0,0,0,0,0,0,31
2,0,0,95,95,0,0,0,0,1,0,0,0,0,0,0,31
2,0,0,62,62,0,0,0,0,1,0,0,0,0,0,0,31
2,0,0,81,81,0,0,0,0,1,0,0,0,0,0,0,31
2,0,0,90,90,0,0,0,0,1,0,0,0,0,0,0,31
2,0,0,72,72,0,0,0,0,1,0,0,0,0,0,0,31
2,0,0,85,85,0,0,0,0,1,0,0,0,0,0,0,31
2,0,0,83,83,0,0,0,0,1,0,0,0,0,0,0,31
2,0,0,100,100,0,0,0,0,1,0,0,0,0,0,0,31
2,0,0,99,99,0,0,0,0,1,0,0,0,0,0,0,31
2,0,0,75,75,0,0,0,0,1,0,0,0,0,0,0,31
2,0,0,84,84,0,0,0,0,1,0,0,0,0,0,0,31
2,0,0,82,82,0,0,0,0,1,0,0,0,0,0,0,31
2,0,0,99,99,0,0,0,0,1,0,0,0,0,0,0,31
2,0,0,95,95,0,0,0,0,1,0,0,0,0,0,0,31
2,0,0,100,100,0,0,0,0,1,0,0,0,0,0,0,31
2,0,0,100,100,0,0,0,0,1,0,0,0,0,0,0,31
2,0,0,100,100,0,0,0,0,1,0,0,0,0,0,0,31
2,0,0,100,100,0,0,0,0,1,0,0,0,0,0,0,31
2,0,0,100,100,0,0,0,0,1,0,0,0,0,0,0,31
2,0,0,98,98,0,0,0,0,1,0,0,0,0,0,0,31
2,0,0,88,88,0,0,0,0,1,0,0,0,0,0,0,31
2,83.5,84.1559695792036,100,84.1559695792036,2,5,0,0.18,1,0,0,0,0,0,0,31
2,0,0,97,97,0,0,0,0,1,0,0,0,0,0,0,31
2,0,0,96,96,0,0,0,0,1,0,0,0,0,0,0,31
2,57.5,67.2532811218927,100,67.2532811218927,4,1,0,0.14,1,0,1,9.75328112189273,0,0,0,31
2,0,0,100,100,0,0,0,0,1,0,0,0,0,0,0,31
2,0,0,68,68,0,0,0,0,1,0,0,0,0,0,0,31
2,0,0,100,100,0,0,0,0,1,0,0,0,0,0,0,31
2,0,0,74,74,0,0,0,0,1,0,0,0,0,0,0,31
2,0,0,100,100,0,0,0,0,1,0,0,0,0,0,0,31
2,0,0,75,75,0,0,0,0,1,0,0,0,0,0,0,31
2,0,0,73,73,0,0,0,0,1,0,0,0,0,0,0,31
2,0,0,86,86,0,0,0,0,1,0,0,0,0,0,0,31
2,0,0,78,78,0,0,0,0,1,0,0,0,0,0,0,31
2,0,0,100,100,0,0,0,0,1,0,0,0,0,0,0,31
2,0,0,97,97,0,0,0,0,1,0,0,0,0,0,0,31
2,0,0,79,79,0,0,0,0,1,0,0,0,0,0,0,31
2,0,0,92,92,0,0,0,0,1,0,0,0,0,0,0,31
2,0,0,100,100,0,0,0,0,1,0,0,0,0,0,0,31
2,0,0,97,97,0,0,0,0,1,0,0,0,0,0,0,31
2,0,0,95,95,0,0,0,0,1,0,0,0,0,0,0,31
2,78.5,100,90,90,2,1,0,0.18,1,0,0,0,0,0,0,31
2,0,0,96,96,0,0,0,0,1,0,0,0,0,0,0,31
2,0,0,98,98,0,0,0,0,1,0,0,0,0,0,0,31
2,0,0,100,100,0,0,0,0,1,0,0,0,0,0,0,31
2,80.5,80.5993111973575,100,80.5993111973575,1,6,0,0.14,1,0,0,0,0,0,0,31
2,0,0,100,100,0,0,0,0,1,0,0,0,0,0,0,31
2,0,0,81,81,0,0,0,0,1,0,0,0,0,0,0,31
2,0,0,68,68,0,0,0,0,1,0,0,0,0,0,0,31
2,0,0,100,100,0,0,0,0,1,0,0,0,0,0,0,31
2,0,0,94,94,0,0,0,0,1,0,0,0,0,0,0,31
2,0,0,93,93,0,0,0,0,1,0,0,0,0,0,0,31
2,0,0,80,80,0,0,0,0,1,0,0,0,0,0,0,31
2,0,0,100,100,0,0,0,0,1,0,0,0,0,0,0,31
1,0,0,100,100,0,0,0,0,1,0,0,0,0,0,1,43
1,0,0,84,84,0,0,0,0,1,0,0,0,0,0,1,43
1,0,0,81,81,0,0,0,0,1,0,0,0,0,0,1,43
1,0,0,83,83,0,0,0,0,1,0,0,0,0,0,1,43
1,0,0,76,76,0,0,0,0,1,0,0,0,0,0,1,43
1,0,0,95,95,0,0,0,0,1,0,0,0,0,0,1,43
1,0,0,85,85,0,0,0,0,1,0,0,0,0,0,1,43
1,0,0,80,80,0,0,0,0,1,0,0,0,0,0,1,43
1,0,0,81,81,0,0,0,0,1,0,0,0,0,0,1,43
1,0,0,81,81,0,0,0,0,1,0,0,0,0,0,1,43
1,0,0,81,81,0,0,0,0,1,0,0,0,0,0,1,43
1,0,0,84,84,0,0,0,0,1,0,0,0,0,0,1,43
1,0,0,69,69,0,0,0,0,1,0,0,0,0,0,1,43
1,0,0,77,77,0,0,0,0,1,0,0,0,0,0,1,43
1,0,0,87,87,0,0,0,0,1,0,0,0,0,0,1,43
1,0,0,82,82,0,0,0,0,1,0,0,0,0,0,1,43
1,0,0,94,94,0,0,0,0,1,0,0,0,0,0,1,43
1,0,0,90,90,0,0,0,0,1,0,0,0,0,0,1,43
1,0,0,91,91,0,0,0,0,1,0,0,0,0,0,1,43
1,0,0,78,78,0,0,0,0,1,0,0,0,0,0,1,43
1,0,0,89,89,0,0,0,0,1,0,0,0,0,0,1,43
1,0,0,93,93,0,0,0,0,1,0,0,0,0,0,1,43
1,0,0,94,94,0,0,0,0,1,0,0,0,0,0,1,43
1,0,0,78,78,0,0,0,0,1,0,0,0,0,0,1,43
1,0,0,75,75,0,0,0,0,1,0,0,0,0,0,1,43
1,0,0,78,78,0,0,0,0,1,0,0,0,0,0,1,43
1,0,0,82,82,0,0,0,0,1,0,0,0,0,0,1,43
1,0,0,77,77,0,0,0,0,1,0,0,0,0,0,1,43
1,0,0,90,90,0,0,0,0,1,0,0,0,0,0,1,43
1,0,0,91,91,0,0,0,0,1,0,0,0,0,0,1,43
1,0,0,68,68,0,0,0,0,1,0,0,0,0,0,1,43
1,0,0,94,94,0,0,0,0,1,0,0,0,0,0,1,43
1,0,0,74,74,0,0,0,0,1,0,0,0,0,0,1,43
1,0,0,94,94,0,0,0,0,1,0,0,0,0,0,1,43
1,0,0,83,83,0,0,0,0,1,0,0,0,0,0,1,43
1,75.5,76.042842658711,93,76.042842658711,2,4,0,0.28,1,0,0,0,0,0,1,43
1,0,0,87,87,0,0,0,0,1,0,0,0,0,0,1,43
1,0,0,89,89,0,0,0,0,1,0,0,0,0,0,1,43
1,0,0,89,89,0,0,0,0,1,0,0,0,0,0,1,43
1,0,0,100,100,0,0,0,0,1,0,0,0,0,0,1,43
1,0,0,100,100,0,0,0,0,1,0,0,0,0,0,1,43
1,0,0,75,75,0,0,0,0,1,0,0,0,0,0,1,43
1,0,0,92,92,0,0,0,0,1,0,0,0,0,0,1,43
1,0,0,90,90,0,0,0,0,1,0,0,0,0,0,1,43
1,0,0,99,99,0,0,0,0,1,0,0,0,0,0,1,43
1,0,0,81,81,0,0,0,0,1,0,0,0,0,0,1,43
1,0,0,100,100,0,0,0,0,1,0,0,0,0,0,1,43
1,0,0,89,89,0,0,0,0,1,0,0,0,0,0,1,43
1,77.5,79.2519857650558,86,79.2519857650558,2,2,0,0.32,1,0,0,0,0,0,1,43
1,0,0,98,98,0,0,0,0,1,0,0,0,0,0,1,43
1,0,0,69,69,0,0,0,0,1,0,0,0,0,0,1,43
1,0,0,96,96,0,0,0,0,1,0,0,0,0,0,1,43
1,76.5,76.7842844083641,100,76.7842844083641,2,6,0,0.14,1,0,0,0,0,0,1,43
1,0,0,94,94,0,0,0,0,1,0,0,0,0,0,1,43
1,0,0,69,69,0,0,0,0,1,0,0,0,0,0,1,43
1,0,0,74,74,0,0,0,0,1,0,0,0,0,0,1,43
1,0,0,73,73,0,0,0,0,1,0,0,0,0,0,1,43
1,0,0,89,89,0,0,0,0,1,0,0,0,0,0,1,43
1,85.5,85.9181990705822,88,85.9181990705822,2,6,0,0.14,1,0,0,0,0,0,1,43
1,0,0,99,99,0,0,0,0,1,0,0,0,0,0,1,43
1,0,0,74,74,0,0,0,0,1,0,0,0,0,0,1,43
1,0,0,96,96,0,0,0,0,1,0,0,0,0,0,1,43
1,0,0,88,88,0,0,0,0,1,0,0,0,0,0,1,43
1,79.5,79.6826377682797,100,79.6826377682797,1,6,0,0,1,0,0,0,0,0,1,43
1,0,0,81,81,0,0,0,0,1,0,0,0,0,0,1,43
1,0,0,100,100,0,0,0,0,1,0,0,0,0,0,1,43
1,0,0,91,91,0,0,0,0,1,0,0,0,0,0,1,43
1,0,0,85,85,0,0,0,0,1,0,0,0,0,0,1,43
1,0,0,89,89,0,0,0,0,1,0,0,0,0,0,1,43
1,0,0,99,99,0,0,0,0,1,0,0,0,0,0,1,43
1,85.5,91.0379371656142,100,91.0379371656142,4,6,0,0.14,1,0,0,0,0,0,1,43
1,0,0,73,73,0,0,0,0,1,0,0,0,0,0,1,43
1,0,0,85,85,0,0,0,0,1,0,0,0,0,0,1,43
1,0,0,79,79,0,0,0,0,1,0,0,0,0,0,1,43
1,0,0,77,77,0,0,0,0,1,0,0,0,0,0,1,43
1,0,0,78,78,0,0,0,0,1,0,0,0,0,0,1,43
1,0,0,93,93,0,0,0,0,1,0,0,0,0,0,1,43
1,0,0,64,64,0,0,0,0,1,0,0,0,0,0,1,43
1,67.5,83.994282165129,70,70,2,1,0,0.28,1,0,1,16.494282165129,0,0,1,43
1,0,0,81,81,0,0,0,0,1,0,0,0,0,0,1,43
1,0,0,99,99,0,0,0,0,1,0,0,0,0,0,1,43
1,0,0,80,80,0,0,0,0,1,0,0,0,0,0,1,43
1,0,0,90,90,0,0,0,0,1,0,0,0,0,0,1,43
1,66.5,68.5044760082058,94,68.5044760082058,1,1,0,0.32,1,0,1,1.75132104692917,0,0,1,43
1,0,0,88,88,0,0,0,0,1,0,0,0,0,0,1,43
1,0,0,86,86,0,0,0,0,1,0,0,0,0,0,1,43
1,0,0,85,85,0,0,0,0,1,0,0,0,0,0,1,43
1,0,0,78,78,0,0,0,0,1,0,0,0,0,0,1,43
1,0,0,92,92,0,0,0,0,1,0,0,0,0,0,1,43
1,0,0,64,64,0,0,0,0,1,0,0,0,0,0,1,43
1,0,0,66,66,0,0,0,0,1,0,0,0,0,0,1,43
1,0,0,85,85,0,0,0,0,1,0,0,0,0,0,1,43
1,0,0,95,95,0,0,0,0,1,0,0,0,0,0,1,43
1,0,0,85,85,0,0,0,0,1,0,0,0,0,0,1,43
1,0,0,79,79,0,0,0,0,1,0,0,0,0,0,1,43
1,0,0,81,81,0,0,0,0,1,0,0,0,0,0,1,43
1,0,0,69,69,0,0,0,0,1,0,0,0,0,0,1,43
1,0,0,67,67,0,0,0,0,1,0,0,0,0,0,1,43
1,0,0,66,66,0,0,0,0,1,0,0,0,0,0,1,43
1,0,0,100,100,0,0,0,0,1,0,0,0,0,0,1,43
1,0,0,92,92,0,0,0,0,1,0,0,0,0,0,1,43
1,0,0,92,92,0,0,0,0,1,0,0,0,0,0,1,43
1,0,0,86,86,0,0,0,0,1,0,0,0,0,0,1,43
1,0,0,77,77,0,0,0,0,1,0,0,0,0,0,1,43
1,0,0,98,98,0,0,0,0,1,0,0,0,0,0,1,43
1,0,0,92,92,0,0,0,0,1,0,0,0,0,0,1,43
1,0,0,81,81,0,0,0,0,1,0,0,0,0,0,1,43
1,0,0,100,100,0,0,0,0,1,0,0,0,0,0,1,43
1,0,0,76,76,0,0,0,0,1,0,0,0,0,0,1,47
1,0,0,90,90,0,0,0,0,1,0,0,0,0,0,1,47
1,0,0,88,88,0,0,0,0,1,0,0,0,0,0,1,47
1,86.5,100,90,90,2,1,0,0.18,1,0,0,0,0,0,1,47
1,0,0,95,95,0,0,0,0,1,0,0,0,0,0,1,47
1,0,0,97,97,0,0,0,0,1,0,0,0,0,0,1,47
1,74.5,79.8470356977236,85,79.8470356977236,4,1,0,0.18,1,0,0,0,0,0,1,47
1,0,0,68,68,0,0,0,0,1,0,0,0,0,0,1,47
1,0,0,82,82,0,0,0,0,1,0,0,0,0,0,1,47
1,0,0,70,70,0,0,0,0,1,0,0,0,0,0,1,47
1,0,0,79,79,0,0,0,0,1,0,0,0,0,0,1,47
1,0,0,97,97,0,0,0,0,1,0,0,0,0,0,1,47
1,0,0,89,89,0,0,0,0,1,0,0,0,0,0,1,47
1,0,0,73,73,0,0,0,0,1,0,0,0,0,0,1,47
1,0,0,68,68,0,0,0,0,1,0,0,0,0,0,1,47
1,0,0,70,70,0,0,0,0,1,0,0,0,0,0,1,47
1,0,0,100,100,0,0,0,0,1,0,0,0,0,0,1,47
1,0,0,100,100,0,0,0,0,1,0,0,0,0,0,1,47
1,0,0,97,97,0,0,0,0,1,0,0,0,0,0,1,47
1,0,0,81,81,0,0,0,0,1,0,0,0,0,0,1,47
1,0,0,77,77,0,0,0,0,1,0,0,0,0,0,1,47
1,0,0,82,82,0,0,0,0,1,0,0,0,0,0,1,47
1,72.5,74.8449484601289,81,74.8449484601289,2,3,0,0.28,1,0,1,2.34494846012887,0,0,1,47
1,0,0,68,68,0,0,0,0,1,0,0,0,0,0,1,47
1,0,0,89,89,0,0,0,0,1,0,0,0,0,0,1,47
1,0,0,89,89,0,0,0,0,1,0,0,0,0,0,1,47
1,70.5,73.1729152816859,100,73.1729152816859,2,3,0,0.14,1,0,1,2.67291528168586,0,0,1,47
1,0,0,84,84,0,0,0,0,1,0,0,0,0,0,1,47
1,71.5,74.7704604307564,94,74.7704604307564,3,1,0,0,1,0,1,2.06903641689029,0,0,1,47
1,0,0,70,70,0,0,0,0,1,0,0,0,0,0,1,47
1,0,0,78,78,0,0,0,0,1,0,0,0,0,0,1,47
1,0,0,74,74,0,0,0,0,1,0,0,0,0,0,1,47
1,68.5,68.6980682159596,91,68.6980682159596,3,6,0,0.14,1,0,0,0,0,0,1,47
1,0,0,70,70,0,0,0,0,1,0,0,0,0,0,1,47
1,0,0,73,73,0,0,0,0,1,0,0,0,0,0,1,47
1,0,0,68,68,0,0,0,0,1,0,0,0,0,0,1,47
1,0,0,78,78,0,0,0,0,1,0,0,0,0,0,1,47
1,0,0,97,97,0,0,0,0,1,0,0,0,0,0,1,47
1,0,0,82,82,0,0,0,0,1,0,0,0,0,0,1,47
1,0,0,85,85,0,0,0,0,1,0,0,0,0,0,1,47
1,0,0,89,89,0,0,0,0,1,0,0,0,0,0,1,47
1,0,0,84,84,0,0,0,0,1,0,0,0,0,0,1,47
1,0,0,83,83,0,0,0,0,1,0,0,0,0,0,1,47
1,0,0,97,97,0,0,0,0,1,0,0,0,0,0,1,47
1,0,0,94,94,0,0,0,0,1,0,0,0,0,0,1,47
1,0,0,82,82,0,0,0,0,1,0,0,0,0,0,1,47
1,0,0,92,92,0,0,0,0,1,0,0,0,0,0,1,47
1,0,0,74,74,0,0,0,0,1,0,0,0,0,0,1,47
1,73.5,100,91,91,3,1,0,0.18,1,0,1,13.654872281828,0,0,1,47
1,0,0,79,79,0,0,0,0,1,0,0,0,0,0,1,47
1,0,0,89,89,0,0,0,0,1,0,0,0,0,0,1,47
1,0,0,89,89,0,0,0,0,1,0,0,0,0,0,1,47
1,0,0,100,100,0,0,0,0,1,0,0,0,0,0,1,47
1,0,0,77,77,0,0,0,0,1,0,0,0,0,0,1,47
1,0,0,74,74,0,0,0,0,1,0,0,0,0,0,1,47
1,0,0,79,79,0,0,0,0,1,0,0,0,0,0,1,47
1,0,0,85,85,0,0,0,0,1,0,0,0,0,0,1,47
1,93.5,93.546406061117,100,93.546406061117,2,6,0,0,1,0,0,0,0,0,1,47
1,0,0,90,90,0,0,0,0,1,0,0,0,0,0,1,40
1,0,0,67,67,0,0,0,0,1,0,0,0,0,0,1,40
1,0,0,77,77,0,0,0,0,1,0,0,0,0,0,1,40
1,0,0,72,72,0,0,0,0,1,0,0,0,0,0,1,40
1,0,0,85,85,0,0,0,0,1,0,0,0,0,0,1,40
1,0,0,67,67,0,0,0,0,1,0,0,0,0,0,1,40
1,0,0,95,95,0,0,0,0,1,0,0,0,0,0,1,40
1,66.5,76.9805238242237,87,76.9805238242237,2,2,0,0,1,0,1,10.4805238242237,0,0,1,40
1,0,0,71,71,0,0,0,0,1,0,0,0,0,0,1,40
1,0,0,79,79,0,0,0,0,1,0,0,0,0,0,1,40
1,0,0,77,77,0,0,0,0,1,0,0,0,0,0,1,40
1,0,0,65,65,0,0,0,0,1,0,0,0,0,0,1,40
1,0,0,87,87,0,0,0,0,1,0,0,0,0,0,1,40
1,0,0,81,81,0,0,0,0,1,0,0,0,0,0,1,40
1,0,0,74,74,0,0,0,0,1,0,0,0,0,0,1,40
1,0,0,75,75,0,0,0,0,1,0,0,0,0,0,1,40
1,70.5,74.9768816520225,72,72,2,2,0,0.14,1,0,1,4.47688165202254,0,0,1,40
1,0,0,86,86,0,0,0,0,1,0,0,0,0,0,1,40
1,0,0,82,82,0,0,0,0,1,0,0,0,0,0,1,40
1,0,0,69,69,0,0,0,0,1,0,0,0,0,0,1,40
1,0,0,70,70,0,0,0,0,1,0,0,0,0,0,1,40
1,0,0,68,68,0,0,0,0,1,0,0,0,0,0,1,40
1,60.5,100,85,85,3,2,0,0.28,1,0,1,100,0,0,1,40
1,0,0,65,65,0,0,0,0,1,0,0,0,0,0,1,40
1,0,0,65,65,0,0,0,0,1,0,0,0,0,0,1,40
1,0,0,81,81,0,0,0,0,1,0,0,0,0,0,1,40
1,0,0,69,69,0,0,0,0,1,0,0,0,0,0,1,40
1,0,0,72,72,0,0,0,0,1,0,0,0,0,0,1,40
1,0,0,72,72,0,0,0,0,1,0,0,0,0,0,1,40
1,72.5,73.595323120399,80,73.595323120399,2,3,0,0.14,1,0,1,0.152635932092353,0,0,1,40
1,0,0,72,72,0,0,0,0,1,0,0,0,0,0,1,40
1,0,0,77,77,0,0,0,0,1,0,0,0,0,0,1,40
1,80,0,80,80,2,1,0,0,1,1,0,0,0,0,1,40
1,0,0,65,65,0,0,0,0,1,0,0,0,0,0,1,40
1,0,0,63,63,0,0,0,0,1,0,0,0,0,0,1,40
1,0,0,64,64,0,0,0,0,1,0,0,0,0,0,1,40
1,0,0,81,81,0,0,0,0,1,0,0,0,0,0,1,40
1,0,0,92,92,0,0,0,0,1,0,0,0,0,0,1,40
1,0,0,73,73,0,0,0,0,1,0,0,0,0,0,1,40
1,0,0,77,77,0,0,0,0,1,0,0,0,0,0,1,40
1,0,0,86,86,0,0,0,0,1,0,0,0,0,0,1,40
1,0,0,81,81,0,0,0,0,1,0,0,0,0,0,1,40
1,0,0,67,67,0,0,0,0,1,0,0,0,0,0,1,40
1,0,0,70,70,0,0,0,0,1,0,0,0,0,0,1,40
1,0,0,73,73,0,0,0,0,1,0,0,0,0,0,1,40
1,0,0,77,77,0,0,0,0,1,0,0,0,0,0,1,40
1,0,0,74,74,0,0,0,0,1,0,0,0,0,0,1,40
1,0,0,64,64,0,0,0,0,1,0,0,0,0,0,1,40
1,0,0,73,73,0,0,0,0,1,0,0,0,0,0,1,40
1,0,0,68,68,0,0,0,0,1,0,0,0,0,0,1,40
1,0,0,87,87,0,0,0,0,1,0,0,0,0,0,1,40
1,0,0,72,72,0,0,0,0,1,0,0,0,0,0,1,40
1,0,0,89,89,0,0,0,0,1,0,0,0,0,0,1,40
1,0,0,68,68,0,0,0,0,1,0,0,0,0,0,1,40
1,0,0,67,67,0,0,0,0,1,0,0,0,0,0,1,40
1,91,0,91,91,2,1,0,0,1,1,0,0,0,0,1,40
1,0,0,76,76,0,0,0,0,1,0,0,0,0,0,1,40
1,0,0,73,73,0,0,0,0,1,0,0,0,0,0,1,40
1,0,0,71,71,0,0,0,0,1,0,0,0,0,0,1,40
1,0,0,69,69,0,0,0,0,1,0,0,0,0,0,1,40
1,0,0,68,68,0,0,0,0,1,0,0,0,0,0,1,40
1,0,0,71,71,0,0,0,0,1,0,0,0,0,0,1,40
1,0,0,80,80,0,0,0,0,1,0,0,0,0,0,1,40
1,0,0,78,78,0,0,0,0,1,0,0,0,0,0,1,40
1,0,0,68,68,0,0,0,0,1,0,0,0,0,0,1,40
1,0,0,75,75,0,0,0,0,1,0,0,0,0,0,1,40
1,88,0,88,88,2,1,0,0,1,1,0,0,0,0,1,40
1,0,0,72,72,0,0,0,0,1,0,0,0,0,0,1,40
1,0,0,72,72,0,0,0,0,1,0,0,0,0,0,1,40
1,0,0,71,71,0,0,0,0,1,0,0,0,0,0,1,40
1,0,0,75,75,0,0,0,0,1,0,0,0,0,0,1,40
1,0,0,84,84,0,0,0,0,1,0,0,0,0,0,1,40
1,0,0,70,70,0,0,0,0,1,0,0,0,0,0,1,40
1,0,0,88,88,0,0,0,0,1,0,0,0,0,0,1,40
1,0,0,83,83,0,0,0,0,1,0,0,0,0,0,1,40
1,0,0,85,85,0,0,0,0,1,0,0,0,0,0,1,40
1,0,0,64,64,0,0,0,0,1,0,0,0,0,0,1,40
1,0,0,76,76,0,0,0,0,1,0,0,0,0,0,1,40
1,59.5,74.1427375994094,86,74.1427375994094,2,1,0,0.18,1,0,1,0.281389125049168,0,0,1,40
1,0,0,76,76,0,0,0,0,1,0,0,0,0,0,1,40
1,0,0,69,69,0,0,0,0,1,0,0,0,0,0,1,40
1,0,0,69,69,0,0,0,0,1,0,0,0,0,0,1,40
1,0,0,66,66,0,0,0,0,1,0,0,0,0,0,1,40
1,0,0,88,88,0,0,0,0,1,0,0,0,0,0,1,40
1,0,0,87,87,0,0,0,0,1,0,0,0,0,0,1,40
1,0,0,75,75,0,0,0,0,1,0,0,0,0,0,1,40
1,0,0,71,71,0,0,0,0,1,0,0,0,0,0,1,40
1,0,0,83,83,0,0,0,0,1,0,0,0,0,0,1,40
1,0,0,85,85,0,0,0,0,1,0,0,0,0,0,1,40
1,0,0,68,68,0,0,0,0,1,0,0,0,0,0,1,40
1,74.5,75.0773676630022,80,75.0773676630022,2,5,0,0.18,1,0,0,0,0,0,1,40
1,0,0,79,79,0,0,0,0,1,0,0,0,0,0,1,40
1,0,0,65,65,0,0,0,0,1,0,0,0,0,0,1,40
1,0,0,65,65,0,0,0,0,1,0,0,0,0,0,1,40
1,0,0,63,63,0,0,0,0,1,0,0,0,0,0,1,40
1,70,70,83,70,3,1,0,0.46,1,0,1,0,1,0,1,40
1,0,0,66,66,0,0,0,0,1,0,0,0,0,0,1,40
1,0,0,78,78,0,0,0,0,1,0,0,0,0,0,1,40
1,0,0,85,85,0,0,0,0,1,0,0,0,0,0,1,40
1,0,0,74,74,0,0,0,0,1,0,0,0,0,0,1,40
1,0,0,82,82,0,0,0,0,1,0,0,0,0,0,1,40
1,0,0,71,71,0,0,0,0,1,0,0,0,0,0,1,40
1,0,0,88,88,0,0,0,0,1,0,0,0,0,0,1,40
1,0,0,76,76,0,0,0,0,1,0,0,0,0,0,1,40
1,0,0,77,77,0,0,0,0,1,0,0,0,0,0,1,40
1,0,0,81,81,0,0,0,0,1,0,0,0,0,0,1,40
1,0,0,87,87,0,0,0,0,1,0,0,0,0,0,1,40
1,0,0,67,67,0,0,0,0,1,0,0,0,0,0,1,40
1,0,0,80,80,0,0,0,0,1,0,0,0,0,0,1,40
1,0,0,63,63,0,0,0,0,1,0,0,0,0,0,1,40
1,0,0,71,71,0,0,0,0,1,0,0,0,0,0,1,40
1,0,0,92,92,0,0,0,0,1,0,0,0,0,0,1,40
1,0,0,92,92,0,0,0,0,1,0,0,0,0,0,1,40
1,0,0,66,66,0,0,0,0,1,0,0,0,0,0,1,40
1,70.5,71.155257113627,76,71.155257113627,4,4,0,0.28,1,0,0,0,0,0,1,40
1,0,0,79,79,0,0,0,0,1,0,0,0,0,0,1,40
1,0,0,69,69,0,0,0,0,1,0,0,0,0,0,1,40
1,0,0,70,70,0,0,0,0,1,0,0,0,0,0,1,40
1,0,0,79,79,0,0,0,0,1,0,0,0,0,0,1,40
1,0,0,73,73,0,0,0,0,1,0,0,0,0,0,1,40
1,0,0,69,69,0,0,0,0,1,0,0,0,0,0,1,40
1,83.5,100,86,86,1,5,0,0.18,1,0,0,0,0,0,1,40
1,0,0,69,69,0,0,0,0,1,0,0,0,0,0,1,40
1,0,0,70,70,0,0,0,0,1,0,0,0,0,0,1,40
1,0,0,91,91,0,0,0,0,1,0,0,0,0,0,1,40
1,0,0,73,73,0,0,0,0,1,0,0,0,0,0,1,40
1,0,0,85,85,0,0,0,0,1,0,0,0,0,0,1,40
1,0,0,64,64,0,0,0,0,1,0,0,0,0,0,1,40
1,0,0,70,70,0,0,0,0,1,0,0,0,0,0,1,40
1,0,0,85,85,0,0,0,0,1,0,0,0,0,0,1,40
1,0,0,82,82,0,0,0,0,1,0,0,0,0,0,1,40
1,83.5,84.4139717767728,89,84.4139717767728,4,6,0,0.14,1,0,0,0,0,0,1,40
1,0,0,77,77,0,0,0,0,1,0,0,0,0,0,1,40
1,0,0,77,77,0,0,0,0,1,0,0,0,0,0,1,40
1,0,0,65,65,0,0,0,0,1,0,0,0,0,0,1,40
1,0,0,85,85,0,0,0,0,1,0,0,0,0,0,1,40
1,0,0,91,91,0,0,0,0,1,0,0,0,0,0,1,40
1,0,0,81,81,0,0,0,0,1,0,0,0,0,0,1,40
1,0,0,66,66,0,0,0,0,1,0,0,0,0,0,1,40
1,0,0,85,85,0,0,0,0,1,0,0,0,0,0,1,40
1,0,0,81,81,0,0,0,0,1,0,0,0,0,0,1,40
1,0,0,63,63,0,0,0,0,1,0,0,0,0,0,1,40
2,0,0,97,97,0,0,0,0,1,0,0,0,0,0,1,44
2,0,0,91,91,0,0,0,0,1,0,0,0,0,0,1,44
2,0,0,88,88,0,0,0,0,1,0,0,0,0,0,1,44
2,0,0,99,99,0,0,0,0,1,0,0,0,0,0,1,44
2,0,0,100,100,0,0,0,0,1,0,0,0,0,0,1,44
2,0,0,92,92,0,0,0,0,1,0,0,0,0,0,1,44
2,0,0,90,90,0,0,0,0,1,0,0,0,0,0,1,44
2,0,0,100,100,0,0,0,0,1,0,0,0,0,0,1,44
2,0,0,84,84,0,0,0,0,1,0,0,0,0,0,1,44
2,0,0,91,91,0,0,0,0,1,0,0,0,0,0,1,44
2,0,0,100,100,0,0,0,0,1,0,0,0,0,0,1,44
2,0,0,100,100,0,0,0,0,1,0,0,0,0,0,1,44
2,0,0,97,97,0,0,0,0,1,0,0,0,0,0,1,44
2,0,0,91,91,0,0,0,0,1,0,0,0,0,0,1,44
2,0,0,100,100,0,0,0,0,1,0,0,0,0,0,1,44
2,0,0,87,87,0,0,0,0,1,0,0,0,0,0,1,44
2,72.5,87.5136486345943,87,87,2,1,0,0.28,1,0,1,15.0136486345943,0,0,1,44
2,0,0,100,100,0,0,0,0,1,0,0,0,0,0,1,44
2,0,0,100,100,0,0,0,0,1,0,0,0,0,0,1,44
2,0,0,93,93,0,0,0,0,1,0,0,0,0,0,1,44
2,0,0,87,87,0,0,0,0,1,0,0,0,0,0,1,44
2,0,0,100,100,0,0,0,0,1,0,0,0,0,0,1,44
2,0,0,95,95,0,0,0,0,1,0,0,0,0,0,1,44
2,0,0,79,79,0,0,0,0,1,0,0,0,0,0,1,44
2,0,0,100,100,0,0,0,0,1,0,0,0,0,0,1,44
2,0,0,100,100,0,0,0,0,1,0,0,0,0,0,1,44
2,0,0,100,100,0,0,0,0,1,0,0,0,0,0,1,44
2,0,0,100,100,0,0,0,0,1,0,0,0,0,0,1,44
2,0,0,95,95,0,0,0,0,1,0,0,0,0,0,1,44
2,0,0,100,100,0,0,0,0,1,0,0,0,0,0,1,44
2,0,0,86,86,0,0,0,0,1,0,0,0,0,0,1,44
2,0,0,98,98,0,0,0,0,1,0,0,0,0,0,1,44
1,0,0,93,93,0,0,0,0,1,0,0,0,0,0,1,46
1,0,0,92,92,0,0,0,0,1,0,0,0,0,0,1,46
1,0,0,89,89,0,0,0,0,1,0,0,0,0,0,1,46
1,0,0,100,100,0,0,0,0,1,0,0,0,0,0,1,46
1,86.5,86.6433737335754,92,86.6433737335754,4,6,0,0.14,1,0,0,0,0,0,1,46
1,0,0,100,100,0,0,0,0,1,0,0,0,0,0,1,46
1,0,0,85,85,0,0,0,0,1,0,0,0,0,0,1,46
1,0,0,93,93,0,0,0,0,1,0,0,0,0,0,1,46
1,0,0,99,99,0,0,0,0,1,0,0,0,0,0,1,46
1,0,0,100,100,0,0,0,0,1,0,0,0,0,0,1,46
1,0,0,99,99,0,0,0,0,1,0,0,0,0,0,1,46
1,0,0,93,93,0,0,0,0,1,0,0,0,0,0,1,46
1,0,0,100,100,0,0,0,0,1,0,0,0,0,0,1,46
1,0,0,100,100,0,0,0,0,1,0,0,0,0,0,1,46
1,0,0,77,77,0,0,0,0,1,0,0,0,0,0,1,46
1,0,0,100,100,0,0,0,0,1,0,0,0,0,0,1,46
1,0,0,100,100,0,0,0,0,1,0,0,0,0,0,1,46
1,0,0,97,97,0,0,0,0,1,0,0,0,0,0,1,46
1,0,0,75,75,0,0,0,0,1,0,0,0,0,0,1,46
1,0,0,86,86,0,0,0,0,1,0,0,0,0,0,1,46
1,0,0,100,100,0,0,0,0,1,0,0,0,0,0,1,46
1,0,0,100,100,0,0,0,0,1,0,0,0,0,0,1,46
1,0,0,100,100,0,0,0,0,1,0,0,0,0,0,1,46
1,0,0,100,100,0,0,0,0,1,0,0,0,0,0,1,46
1,0,0,96,96,0,0,0,0,1,0,0,0,0,0,1,46
1,84.5,89.6404336369625,86,86,2,2,0,0.32,1,0,0,0,0,0,1,46
1,0,0,93,93,0,0,0,0,1,0,0,0,0,0,1,46
1,0,0,93,93,0,0,0,0,1,0,0,0,0,0,1,46
1,0,0,88,88,0,0,0,0,1,0,0,0,0,0,1,46
1,0,0,100,100,0,0,0,0,1,0,0,0,0,0,1,46
1,0,0,91,91,0,0,0,0,1,0,0,0,0,0,1,46
1,0,0,97,97,0,0,0,0,1,0,0,0,0,0,1,46
1,0,0,80,80,0,0,0,0,1,0,0,0,0,0,1,46
1,0,0,86,86,0,0,0,0,1,0,0,0,0,0,1,46
1,0,0,95,95,0,0,0,0,1,0,0,0,0,0,1,46
1,0,0,79,79,0,0,0,0,1,0,0,0,0,0,1,46
1,0,0,91,91,0,0,0,0,1,0,0,0,0,0,1,46
1,0,0,93,93,0,0,0,0,1,0,0,0,0,0,1,46
1,0,0,78,78,0,0,0,0,1,0,0,0,0,0,1,46
1,0,0,91,91,0,0,0,0,1,0,0,0,0,0,1,46
1,0,0,85,85,0,0,0,0,1,0,0,0,0,0,1,46
1,0,0,91,91,0,0,0,0,1,0,0,0,0,0,1,46
1,0,0,100,100,0,0,0,0,1,0,0,0,0,0,1,46
1,0,0,88,88,0,0,0,0,1,0,0,0,0,0,1,46
1,0,0,83,83,0,0,0,0,1,0,0,0,0,0,1,46
1,0,0,81,81,0,0,0,0,1,0,0,0,0,0,1,46
1,0,0,97,97,0,0,0,0,1,0,0,0,0,0,1,46
1,0,0,100,100,0,0,0,0,1,0,0,0,0,0,1,46
1,0,0,90,90,0,0,0,0,1,0,0,0,0,0,1,46
1,0,0,90,90,0,0,0,0,1,0,0,0,0,0,1,46
1,0,0,72,72,0,0,0,0,1,0,0,0,0,0,1,46
1,0,0,84,84,0,0,0,0,1,0,0,0,0,0,1,46
1,0,0,87,87,0,0,0,0,1,0,0,0,0,0,1,46
1,0,0,92,92,0,0,0,0,1,0,0,0,0,0,1,46
1,0,0,94,94,0,0,0,0,1,0,0,0,0,0,1,46
1,0,0,100,100,0,0,0,0,1,0,0,0,0,0,1,46
1,0,0,96,96,0,0,0,0,1,0,0,0,0,0,1,46
1,0,0,77,77,0,0,0,0,1,0,0,0,0,0,1,46
1,0,0,90,90,0,0,0,0,1,0,0,0,0,0,1,46
1,0,0,85,85,0,0,0,0,1,0,0,0,0,0,1,46
1,0,0,99,99,0,0,0,0,1,0,0,0,0,0,1,46
2,78.5,82.4406039626198,100,82.4406039626198,1,1,0,0.14,1,0,1,3.94060396261983,0,0,1,49
2,0,0,71,71,0,0,0,0,1,0,0,0,0,0,1,49
2,0,0,72,72,0,0,0,0,1,0,0,0,0,0,1,49
2,90,0,90,90,2,1,0,0,1,1,0,0,0,0,1,49
2,0,0,87,87,0,0,0,0,1,0,0,0,0,0,1,49
2,0,0,74,74,0,0,0,0,1,0,0,0,0,0,1,49
2,92.5,92.7479685171091,100,92.7479685171091,1,6,0,0,1,0,0,0,0,0,1,49
2,0,0,74,74,0,0,0,0,1,0,0,0,0,0,1,49
2,0,0,81,81,0,0,0,0,1,0,0,0,0,0,1,49
2,0,0,82,82,0,0,0,0,1,0,0,0,0,0,1,49
2,0,0,85,85,0,0,0,0,1,0,0,0,0,0,1,49
2,0,0,85,85,0,0,0,0,1,0,0,0,0,0,1,49
2,0,0,87,87,0,0,0,0,1,0,0,0,0,0,1,49
2,78.5,80.5952150016759,82,80.5952150016759,4,6,0,0.28,1,0,0,0,0,0,1,49
2,0,0,96,96,0,0,0,0,1,0,0,0,0,0,1,49
2,73.5,100,89,89,2,1,0,0.14,1,0,1,34.4789559375236,0,0,1,49
2,0,0,71,71,0,0,0,0,1,0,0,0,0,0,1,49
2,0,0,74,74,0,0,0,0,1,0,0,0,0,0,1,49
2,0,0,96,96,0,0,0,0,1,0,0,0,0,0,1,49
2,0,0,72,72,0,0,0,0,1,0,0,0,0,0,1,49
2,0,0,84,84,0,0,0,0,1,0,0,0,0,0,1,49
2,0,0,87,87,0,0,0,0,1,0,0,0,0,0,1,49
2,0,0,100,100,0,0,0,0,1,0,0,0,0,0,1,49
2,0,0,77,77,0,0,0,0,1,0,0,0,0,0,1,49
2,85.5,91.0931279863599,87,87,4,2,0,0.18,1,0,0,0,0,0,1,49
2,0,0,86,86,0,0,0,0,1,0,0,0,0,0,1,49
2,91.5,91.8063157124927,100,91.8063157124927,4,6,0,0.14,1,0,0,0,0,0,1,49
2,67.5,100,74,74,4,1,0,0.28,1,0,1,55.2853142464839,0,0,1,49
2,68.5,83.4697228772998,80,80,4,1,0,0.14,1,0,1,14.9697228772998,0,0,1,49
2,0,0,73,73,0,0,0,0,1,0,0,0,0,0,1,49
2,71.5,100,91,91,4,1,0,0.32,1,0,1,28.6845768569892,0,0,1,49
2,0,0,81,81,0,0,0,0,1,0,0,0,0,0,1,49
2,0,0,83,83,0,0,0,0,1,0,0,0,0,0,1,49
2,0,0,87,87,0,0,0,0,1,0,0,0,0,0,1,49
2,0,0,91,91,0,0,0,0,1,0,0,0,0,0,1,49
2,0,0,91,91,0,0,0,0,1,0,0,0,0,0,1,49
2,0,0,76,76,0,0,0,0,1,0,0,0,0,0,1,49
2,0,0,89,89,0,0,0,0,1,0,0,0,0,0,1,49
2,0,0,83,83,0,0,0,0,1,0,0,0,0,0,1,49
2,0,0,90,90,0,0,0,0,1,0,0,0,0,0,1,49
2,0,0,100,100,0,0,0,0,1,0,0,0,0,0,1,49
2,0,0,89,89,0,0,0,0,1,0,0,0,0,0,1,49
2,0,0,83,83,0,0,0,0,1,0,0,0,0,0,1,49
2,75.5,86.170028188569,98,86.170028188569,3,1,0,0.18,1,0,1,10.670028188569,0,0,1,49
2,0,0,93,93,0,0,0,0,1,0,0,0,0,0,1,49
2,0,0,94,94,0,0,0,0,1,0,0,0,0,0,1,49
2,0,0,88,88,0,0,0,0,1,0,0,0,0,0,1,49
2,0,0,85,85,0,0,0,0,1,0,0,0,0,0,1,49
2,0,0,85,85,0,0,0,0,1,0,0,0,0,0,1,49
2,0,0,94,94,0,0,0,0,1,0,0,0,0,0,1,49
2,0,0,94,94,0,0,0,0,1,0,0,0,0,0,1,49
2,73.5,0,77,77,2,1,0,0,1,1,1,0,0,0,1,49
2,75.5,100,77,77,3,2,0,0.18,1,0,0,0,0,0,1,49
2,0,0,86,86,0,0,0,0,1,0,0,0,0,0,1,49
2,0,0,87,87,0,0,0,0,1,0,0,0,0,0,1,49
2,0,0,89,89,0,0,0,0,1,0,0,0,0,0,1,49
2,0,0,85,85,0,0,0,0,1,0,0,0,0,0,1,49
2,0,0,75,75,0,0,0,0,1,0,0,0,0,0,1,49
2,73.5,100,93,93,2,1,0,0.14,1,0,1,21.1456052091931,0,0,1,49
2,0,0,85,85,0,0,0,0,1,0,0,0,0,0,1,49
2,0,0,89,89,0,0,0,0,1,0,0,0,0,0,1,49
2,0,0,88,88,0,0,0,0,1,0,0,0,0,0,1,49
2,0,0,100,100,0,0,0,0,1,0,0,0,0,0,1,49
2,0,0,77,77,0,0,0,0,1,0,0,0,0,0,1,49
2,0,0,94,94,0,0,0,0,1,0,0,0,0,0,1,49
2,0,0,81,81,0,0,0,0,1,0,0,0,0,0,1,49
2,70.5,76.1440180816363,94,76.1440180816363,2,1,0,0.18,1,0,1,1.99901760465523,0,0,1,49
2,0,0,76,76,0,0,0,0,1,0,0,0,0,0,1,49
2,0,0,82,82,0,0,0,0,1,0,0,0,0,0,1,49
1,0,0,95,95,0,0,0,0,1,0,0,0,0,0,1,36
1,0,0,88,88,0,0,0,0,1,0,0,0,0,0,1,36
1,0,0,84,84,0,0,0,0,1,0,0,0,0,0,1,36
1,0,0,100,100,0,0,0,0,1,0,0,0,0,0,1,36
1,0,0,69,69,0,0,0,0,1,0,0,0,0,0,1,36
1,0,0,77,77,0,0,0,0,1,0,0,0,0,0,1,36
1,60.5,100,76,76,3,1,0,0.28,1,0,1,68.7332880461825,0,0,1,36
1,0,0,79,79,0,0,0,0,1,0,0,0,0,0,1,36
1,79.5,79.9496726679731,93,79.9496726679731,4,6,0,0.18,1,0,0,0,0,0,1,36
1,0,0,72,72,0,0,0,0,1,0,0,0,0,0,1,36
1,0,0,87,87,0,0,0,0,1,0,0,0,0,0,1,36
1,0,0,68,68,0,0,0,0,1,0,0,0,0,0,1,36
1,0,0,66,66,0,0,0,0,1,0,0,0,0,0,1,36
1,0,0,97,97,0,0,0,0,1,0,0,0,0,0,1,36
1,0,0,95,95,0,0,0,0,1,0,0,0,0,0,1,36
1,0,0,76,76,0,0,0,0,1,0,0,0,0,0,1,36
1,0,0,68,68,0,0,0,0,1,0,0,0,0,0,1,36
1,0,0,94,94,0,0,0,0,1,0,0,0,0,0,1,36
1,0,0,88,88,0,0,0,0,1,0,0,0,0,0,1,36
1,0,0,100,100,0,0,0,0,1,0,0,0,0,0,1,36
1,0,0,82,82,0,0,0,0,1,0,0,0,0,0,1,36
1,0,0,89,89,0,0,0,0,1,0,0,0,0,0,1,36
1,0,0,79,79,0,0,0,0,1,0,0,0,0,0,1,36
1,0,0,67,67,0,0,0,0,1,0,0,0,0,0,1,36
1,0,0,74,74,0,0,0,0,1,0,0,0,0,0,1,36
1,0,0,86,86,0,0,0,0,1,0,0,0,0,0,1,36
1,0,0,91,91,0,0,0,0,1,0,0,0,0,0,1,36
1,0,0,92,92,0,0,0,0,1,0,0,0,0,0,1,36
1,0,0,61,61,0,0,0,0,1,0,0,0,0,0,1,36
1,0,0,88,88,0,0,0,0,1,0,0,0,0,0,1,36
1,0,0,85,85,0,0,0,0,1,0,0,0,0,0,1,36
1,66.5,67.9742619714617,79,67.9742619714617,2,1,0,0.46,1,0,1,0.309110293663849,0,0,1,36
1,0,0,86,86,0,0,0,0,1,0,0,0,0,0,1,36
1,0,0,70,70,0,0,0,0,1,0,0,0,0,0,1,36
1,0,0,70,70,0,0,0,0,1,0,0,0,0,0,1,36
1,0,0,61,61,0,0,0,0,1,0,0,0,0,0,1,36
1,0,0,90,90,0,0,0,0,1,0,0,0,0,0,1,36
1,0,0,81,81,0,0,0,0,1,0,0,0,0,0,1,36
1,0,0,83,83,0,0,0,0,1,0,0,0,0,0,1,36
1,0,0,80,80,0,0,0,0,1,0,0,0,0,0,1,36
1,0,0,95,95,0,0,0,0,1,0,0,0,0,0,1,36
1,0,0,83,83,0,0,0,0,1,0,0,0,0,0,1,36
1,0,0,80,80,0,0,0,0,1,0,0,0,0,0,1,36
1,0,0,66,66,0,0,0,0,1,0,0,0,0,0,1,36
1,0,0,80,80,0,0,0,0,1,0,0,0,0,0,1,36
1,0,0,78,78,0,0,0,0,1,0,0,0,0,0,1,36
1,0,0,92,92,0,0,0,0,1,0,0,0,0,0,1,36
1,0,0,86,86,0,0,0,0,1,0,0,0,0,0,1,36
1,0,0,94,94,0,0,0,0,1,0,0,0,0,0,1,36
1,0,0,94,94,0,0,0,0,1,0,0,0,0,0,1,36
1,0,0,87,87,0,0,0,0,1,0,0,0,0,0,1,36
1,0,0,86,86,0,0,0,0,1,0,0,0,0,0,1,36
1,78.5,100,84,84,3,1,0,0.18,1,0,0,0,0,0,1,36
1,0,0,89,89,0,0,0,0,1,0,0,0,0,0,1,36
1,0,0,94,94,0,0,0,0,1,0,0,0,0,0,1,36
1,0,0,100,100,0,0,0,0,1,0,0,0,0,0,1,36
1,0,0,73,73,0,0,0,0,1,0,0,0,0,0,1,36
1,0,0,88,88,0,0,0,0,1,0,0,0,0,0,1,36
1,0,0,81,81,0,0,0,0,1,0,0,0,0,0,1,36
1,0,0,71,71,0,0,0,0,1,0,0,0,0,0,1,36
1,0,0,80,80,0,0,0,0,1,0,0,0,0,0,1,36
1,0,0,91,91,0,0,0,0,1,0,0,0,0,0,1,36
1,0,0,90,90,0,0,0,0,1,0,0,0,0,0,1,36
1,0,0,82,82,0,0,0,0,1,0,0,0,0,0,1,36
1,66.5,100,90,90,2,2,0,0.14,1,0,1,60.1683206514672,0,0,1,36
1,0,0,61,61,0,0,0,0,1,0,0,0,0,0,1,36
1,0,0,80,80,0,0,0,0,1,0,0,0,0,0,1,36
1,0,0,73,73,0,0,0,0,1,0,0,0,0,0,1,36
1,0,0,82,82,0,0,0,0,1,0,0,0,0,0,1,36
1,0,0,92,92,0,0,0,0,1,0,0,0,0,0,1,36
1,0,0,87,87,0,0,0,0,1,0,0,0,0,0,1,36
1,0,0,91,91,0,0,0,0,1,0,0,0,0,0,1,36
1,65.5,72.3644212929694,74,72.3644212929694,3,1,0,0.32,1,0,1,4.83653504533124,0,0,1,36
1,0,0,76,76,0,0,0,0,1,0,0,0,0,0,1,36
1,0,0,90,90,0,0,0,0,1,0,0,0,0,0,1,36
1,0,0,91,91,0,0,0,0,1,0,0,0,0,0,1,36
1,0,0,83,83,0,0,0,0,1,0,0,0,0,0,1,36
1,0,0,97,97,0,0,0,0,1,0,0,0,0,0,1,36
1,0,0,88,88,0,0,0,0,1,0,0,0,0,0,1,36
1,0,0,89,89,0,0,0,0,1,0,0,0,0,0,1,36
1,0,0,78,78,0,0,0,0,1,0,0,0,0,0,1,36
1,0,0,93,93,0,0,0,0,1,0,0,0,0,0,1,36
1,0,0,84,84,0,0,0,0,1,0,0,0,0,0,1,36
1,0,0,68,68,0,0,0,0,1,0,0,0,0,0,1,36
1,0,0,95,95,0,0,0,0,1,0,0,0,0,0,1,36
1,0,0,71,71,0,0,0,0,1,0,0,0,0,0,1,36
1,0,0,83,83,0,0,0,0,1,0,0,0,0,0,1,36
1,0,0,80,80,0,0,0,0,1,0,0,0,0,0,1,36
1,0,0,91,91,0,0,0,0,1,0,0,0,0,0,1,36
1,0,0,73,73,0,0,0,0,1,0,0,0,0,0,1,36
1,0,0,70,70,0,0,0,0,1,0,0,0,0,0,1,36
1,0,0,95,95,0,0,0,0,1,0,0,0,0,0,1,36
1,0,0,84,84,0,0,0,0,1,0,0,0,0,0,1,36
1,0,0,81,81,0,0,0,0,1,0,0,0,0,0,1,36
1,0,0,99,99,0,0,0,0,1,0,0,0,0,0,1,36
1,0,0,82,82,0,0,0,0,1,0,0,0,0,0,1,36
1,0,0,91,91,0,0,0,0,1,0,0,0,0,0,1,36
1,69.5,69.9163574508503,75,69.9163574508503,4,6,0,0.28,1,0,0,0,0,0,1,36
1,0,0,87,87,0,0,0,0,1,0,0,0,0,0,1,36
1,0,0,86,86,0,0,0,0,1,0,0,0,0,0,1,36
1,0,0,85,85,0,0,0,0,1,0,0,0,0,0,1,36
1,0,0,61,61,0,0,0,0,1,0,0,0,0,0,1,36
1,0,0,61,61,0,0,0,0,1,0,0,0,0,0,1,36
1,0,0,100,100,0,0,0,0,1,0,0,0,0,0,1,36
1,0,0,92,92,0,0,0,0,1,0,0,0,0,0,1,36
1,0,0,86,86,0,0,0,0,1,0,0,0,0,0,1,36
1,0,0,64,64,0,0,0,0,1,0,0,0,0,0,1,36
1,0,0,66,66,0,0,0,0,1,0,0,0,0,0,1,36
1,0,0,89,89,0,0,0,0,1,0,0,0,0,0,1,36
1,0,0,98,98,0,0,0,0,1,0,0,0,0,0,1,36
1,0,0,82,82,0,0,0,0,1,0,0,0,0,0,1,36
1,0,0,94,94,0,0,0,0,1,0,0,0,0,0,1,36
1,0,0,90,90,0,0,0,0,1,0,0,0,0,0,1,36
1,0,0,100,100,0,0,0,0,1,0,0,0,0,0,1,36
1,0,0,65,65,0,0,0,0,1,0,0,0,0,0,1,36
1,0,0,82,82,0,0,0,0,1,0,0,0,0,0,1,36
1,0,0,92,92,0,0,0,0,1,0,0,0,0,0,1,36
1,0,0,92,92,0,0,0,0,1,0,0,0,0,0,1,36
1,0,0,83,83,0,0,0,0,1,0,0,0,0,0,1,36
1,0,0,67,67,0,0,0,0,1,0,0,0,0,0,1,36
1,0,0,98,98,0,0,0,0,1,0,0,0,0,0,1,36
1,0,0,94,94,0,0,0,0,1,0,0,0,0,0,1,36
1,0,0,66,66,0,0,0,0,1,0,0,0,0,0,1,36
1,0,0,89,89,0,0,0,0,1,0,0,0,0,0,1,36
1,0,0,85,85,0,0,0,0,1,0,0,0,0,0,1,39
1,78.5,78.659043165864,79,78.659043165864,4,6,0,0.14,1,0,0,0,0,0,1,39
1,64.5,66.9377376943619,91,66.9377376943619,2,2,0,0.18,1,0,0,0,0,0,1,39
1,0,0,86,86,0,0,0,0,1,0,0,0,0,0,1,39
1,0,0,93,93,0,0,0,0,1,0,0,0,0,0,1,39
1,0,0,97,97,0,0,0,0,1,0,0,0,0,0,1,39
1,0,0,88,88,0,0,0,0,1,0,0,0,0,0,1,39
1,0,0,73,73,0,0,0,0,1,0,0,0,0,0,1,39
1,0,0,66,66,0,0,0,0,1,0,0,0,0,0,1,39
1,0,0,78,78,0,0,0,0,1,0,0,0,0,0,1,39
1,0,0,93,93,0,0,0,0,1,0,0,0,0,0,1,39
1,0,0,76,76,0,0,0,0,1,0,0,0,0,0,1,39
1,0,0,68,68,0,0,0,0,1,0,0,0,0,0,1,39
1,0,0,76,76,0,0,0,0,1,0,0,0,0,0,1,39
1,0,0,74,74,0,0,0,0,1,0,0,0,0,0,1,39
1,0,0,91,91,0,0,0,0,1,0,0,0,0,0,1,39
1,0,0,70,70,0,0,0,0,1,0,0,0,0,0,1,39
1,0,0,87,87,0,0,0,0,1,0,0,0,0,0,1,39
1,0,0,90,90,0,0,0,0,1,0,0,0,0,0,1,39
1,79,0,79,79,2,1,0,0,1,1,0,0,0,0,1,39
1,0,0,86,86,0,0,0,0,1,0,0,0,0,0,1,39
1,0,0,73,73,0,0,0,0,1,0,0,0,0,0,1,39
1,0,0,61,61,0,0,0,0,1,0,0,0,0,0,1,39
1,0,0,76,76,0,0,0,0,1,0,0,0,0,0,1,39
1,0,0,70,70,0,0,0,0,1,0,0,0,0,0,1,39
1,0,0,89,89,0,0,0,0,1,0,0,0,0,0,1,39
1,0,0,92,92,0,0,0,0,1,0,0,0,0,0,1,39
1,0,0,61,61,0,0,0,0,1,0,0,0,0,0,1,39
1,83.5,83.9388942436161,93,83.9388942436161,3,5,0,0.18,1,0,0,0,0,0,1,39
1,0,0,100,100,0,0,0,0,1,0,0,0,0,0,1,39
1,0,0,72,72,0,0,0,0,1,0,0,0,0,0,1,39
1,0,0,100,100,0,0,0,0,1,0,0,0,0,0,1,39
1,0,0,94,94,0,0,0,0,1,0,0,0,0,0,1,39
1,0,0,100,100,0,0,0,0,1,0,0,0,0,0,1,39
1,0,0,67,67,0,0,0,0,1,0,0,0,0,0,1,39
1,90.5,90.5345547303163,93,90.5345547303163,2,6,0,0.14,1,0,0,0,0,0,1,39
1,0,0,88,88,0,0,0,0,1,0,0,0,0,0,1,39
1,0,0,83,83,0,0,0,0,1,0,0,0,0,0,1,39
1,0,0,69,69,0,0,0,0,1,0,0,0,0,0,1,39
1,0,0,86,86,0,0,0,0,1,0,0,0,0,0,1,39
1,78.5,80.2745612437119,88,80.2745612437119,3,3,0,0.32,1,0,0,0,0,0,1,39
1,0,0,80,80,0,0,0,0,1,0,0,0,0,0,1,39
1,0,0,100,100,0,0,0,0,1,0,0,0,0,0,1,39
1,0,0,85,85,0,0,0,0,1,0,0,0,0,0,1,39
1,0,0,86,86,0,0,0,0,1,0,0,0,0,0,1,39
1,0,0,79,79,0,0,0,0,1,0,0,0,0,0,1,39
1,0,0,78,78,0,0,0,0,1,0,0,0,0,0,1,39
1,0,0,100,100,0,0,0,0,1,0,0,0,0,0,1,39
1,0,0,80,80,0,0,0,0,1,0,0,0,0,0,1,39
1,0,0,100,100,0,0,0,0,1,0,0,0,0,0,1,39
1,0,0,64,64,0,0,0,0,1,0,0,0,0,0,1,39
1,0,0,76,76,0,0,0,0,1,0,0,0,0,0,1,39
1,0,0,87,87,0,0,0,0,1,0,0,0,0,0,1,39
1,0,0,100,100,0,0,0,0,1,0,0,0,0,0,1,39
1,0,0,86,86,0,0,0,0,1,0,0,0,0,0,1,39
1,0,0,91,91,0,0,0,0,1,0,0,0,0,0,1,39
1,89.5,90.4754295331299,94,90.4754295331299,3,3,0,0.28,1,0,0,0,0,0,1,39
1,0,0,100,100,0,0,0,0,1,0,0,0,0,0,1,39
1,61.5,100,86,86,3,3,0,0.28,1,0,1,100,0,0,1,39
1,0,0,72,72,0,0,0,0,1,0,0,0,0,0,1,39
1,0,0,78,78,0,0,0,0,1,0,0,0,0,0,1,39
1,0,0,84,84,0,0,0,0,1,0,0,0,0,0,1,39
1,0,0,100,100,0,0,0,0,1,0,0,0,0,0,1,39
1,0,0,85,85,0,0,0,0,1,0,0,0,0,0,1,39
1,0,0,91,91,0,0,0,0,1,0,0,0,0,0,1,39
1,0,0,76,76,0,0,0,0,1,0,0,0,0,0,1,39
1,0,0,84,84,0,0,0,0,1,0,0,0,0,0,1,39
1,0,0,87,87,0,0,0,0,1,0,0,0,0,0,1,39
1,0,0,90,90,0,0,0,0,1,0,0,0,0,0,1,39
1,0,0,100,100,0,0,0,0,1,0,0,0,0,0,1,39
1,0,0,88,88,0,0,0,0,1,0,0,0,0,0,1,39
1,0,0,93,93,0,0,0,0,1,0,0,0,0,0,1,39
1,0,0,76,76,0,0,0,0,1,0,0,0,0,0,1,39
1,0,0,93,93,0,0,0,0,1,0,0,0,0,0,1,39
1,0,0,100,100,0,0,0,0,1,0,0,0,0,0,1,39
1,0,0,82,82,0,0,0,0,1,0,0,0,0,0,1,39
1,0,0,100,100,0,0,0,0,1,0,0,0,0,0,1,39
1,0,0,87,87,0,0,0,0,1,0,0,0,0,0,1,39
1,0,0,78,78,0,0,0,0,1,0,0,0,0,0,1,39
1,0,0,93,93,0,0,0,0,1,0,0,0,0,0,1,39
1,0,0,86,86,0,0,0,0,1,0,0,0,0,0,1,39
1,0,0,63,63,0,0,0,0,1,0,0,0,0,0,1,39
1,0,0,96,96,0,0,0,0,1,0,0,0,0,0,1,39
1,0,0,86,86,0,0,0,0,1,0,0,0,0,0,1,39
1,0,0,66,66,0,0,0,0,1,0,0,0,0,0,1,39
1,0,0,82,82,0,0,0,0,1,0,0,0,0,0,1,39
1,76.5,88.3862593270913,100,88.3862593270913,2,2,0,0.18,1,0,0,0,0,0,1,39
1,0,0,86,86,0,0,0,0,1,0,0,0,0,0,1,39
1,84.5,86.4758861856499,95,86.4758861856499,2,3,0,0.32,1,0,0,0,0,0,1,39
1,0,0,73,73,0,0,0,0,1,0,0,0,0,0,1,39
1,0,0,100,100,0,0,0,0,1,0,0,0,0,0,1,39
1,0,0,66,66,0,0,0,0,1,0,0,0,0,0,1,39
1,0,0,94,94,0,0,0,0,1,0,0,0,0,0,1,39
1,0,0,89,89,0,0,0,0,1,0,0,0,0,0,1,39
1,0,0,81,81,0,0,0,0,1,0,0,0,0,0,1,39
1,0,0,86,86,0,0,0,0,1,0,0,0,0,0,1,39
1,0,0,98,98,0,0,0,0,1,0,0,0,0,0,1,39
1,0,0,67,67,0,0,0,0,1,0,0,0,0,0,1,39
1,0,0,78,78,0,0,0,0,1,0,0,0,0,0,1,39
1,0,0,95,95,0,0,0,0,1,0,0,0,0,0,1,39
1,0,0,74,74,0,0,0,0,1,0,0,0,0,0,1,39
1,0,0,71,71,0,0,0,0,1,0,0,0,0,0,1,39
1,0,0,100,100,0,0,0,0,1,0,0,0,0,0,1,39
1,0,0,93,93,0,0,0,0,1,0,0,0,0,0,1,39
1,59.5,62.2885788214296,87,62.2885788214296,2,1,0,0.18,1,0,1,0.725202209784279,0,0,1,39
2,70.5,79.0138696345147,90,79.0138696345147,2,1,0,0.28,1,0,1,8.51386963451475,0,0,1,39
2,0,0,85,85,0,0,0,0,1,0,0,0,0,0,1,39
2,0,0,93,93,0,0,0,0,1,0,0,0,0,0,1,39
2,0,0,75,75,0,0,0,0,1,0,0,0,0,0,1,39
2,0,0,92,92,0,0,0,0,1,0,0,0,0,0,1,39
2,0,0,94,94,0,0,0,0,1,0,0,0,0,0,1,39
2,0,0,82,82,0,0,0,0,1,0,0,0,0,0,1,39
2,0,0,89,89,0,0,0,0,1,0,0,0,0,0,1,39
2,0,0,75,75,0,0,0,0,1,0,0,0,0,0,1,39
2,0,0,73,73,0,0,0,0,1,0,0,0,0,0,1,39
2,81.5,81.710855332509,83,81.710855332509,4,5,0,0.32,1,0,0,0,0,0,1,39
2,0,0,86,86,0,0,0,0,1,0,0,0,0,0,1,39
2,0,0,77,77,0,0,0,0,1,0,0,0,0,0,1,39
2,0,0,81,81,0,0,0,0,1,0,0,0,0,0,1,39
2,0,0,87,87,0,0,0,0,1,0,0,0,0,0,1,39
2,0,0,76,76,0,0,0,0,1,0,0,0,0,0,1,39
2,0,0,76,76,0,0,0,0,1,0,0,0,0,0,1,39
2,0,0,74,74,0,0,0,0,1,0,0,0,0,0,1,39
2,0,0,73,73,0,0,0,0,1,0,0,0,0,0,1,39
2,0,0,73,73,0,0,0,0,1,0,0,0,0,0,1,39
2,0,0,75,75,0,0,0,0,1,0,0,0,0,0,1,39
2,0,0,84,84,0,0,0,0,1,0,0,0,0,0,1,39
2,0,0,76,76,0,0,0,0,1,0,0,0,0,0,1,39
2,0,0,83,83,0,0,0,0,1,0,0,0,0,0,1,39
2,0,0,97,97,0,0,0,0,1,0,0,0,0,0,1,39
2,0,0,87,87,0,0,0,0,1,0,0,0,0,0,1,39
1,63.5,100,98,98,2,1,0,0,1,0,1,306.240555302284,0,0,0,30
1,0,0,94,94,0,0,0,0,1,0,0,0,0,0,0,30
1,0,0,95,95,0,0,0,0,1,0,0,0,0,0,0,30
1,0,0,89,89,0,0,0,0,1,0,0,0,0,0,0,30
1,0,0,100,100,0,0,0,0,1,0,0,0,0,0,0,30
1,0,0,93,93,0,0,0,0,1,0,0,0,0,0,0,30
1,0,0,98,98,0,0,0,0,1,0,0,0,0,0,0,30
1,0,0,98,98,0,0,0,0,1,0,0,0,0,0,0,30
1,97.5,97.6909889172277,100,97.6909889172277,4,6,0,0.28,1,0,0,0,0,0,0,30
1,0,0,92,92,0,0,0,0,1,0,0,0,0,0,0,30
1,0,0,100,100,0,0,0,0,1,0,0,0,0,0,0,30
1,0,0,99,99,0,0,0,0,1,0,0,0,0,0,0,30
1,0,0,79,79,0,0,0,0,1,0,0,0,0,0,0,30
1,0,0,100,100,0,0,0,0,1,0,0,0,0,0,0,30
1,0,0,100,100,0,0,0,0,1,0,0,0,0,0,0,30
1,0,0,79,79,0,0,0,0,1,0,0,0,0,0,0,30
1,0,0,100,100,0,0,0,0,1,0,0,0,0,0,0,30
1,0,0,74,74,0,0,0,0,1,0,0,0,0,0,0,30
1,0,0,74,74,0,0,0,0,1,0,0,0,0,0,0,30
1,0,0,98,98,0,0,0,0,1,0,0,0,0,0,0,30
1,0,0,71,71,0,0,0,0,1,0,0,0,0,0,0,30
1,0,0,100,100,0,0,0,0,1,0,0,0,0,0,0,30
1,0,0,100,100,0,0,0,0,1,0,0,0,0,0,0,30
1,0,0,97,97,0,0,0,0,1,0,0,0,0,0,0,30
1,0,0,91,91,0,0,0,0,1,0,0,0,0,0,0,30
1,0,0,91,91,0,0,0,0,1,0,0,0,0,0,0,30
1,0,0,77,77,0,0,0,0,1,0,0,0,0,0,0,30
1,0,0,97,97,0,0,0,0,1,0,0,0,0,0,0,30
1,0,0,100,100,0,0,0,0,1,0,0,0,0,0,0,30
1,0,0,92,92,0,0,0,0,1,0,0,0,0,0,0,30
1,75.5,100,97,97,2,2,0,0.18,1,0,0,0,0,0,0,30
1,0,0,100,100,0,0,0,0,1,0,0,0,0,0,0,30
1,0,0,85,85,0,0,0,0,1,0,0,0,0,0,0,30
1,0,0,100,100,0,0,0,0,1,0,0,0,0,0,0,30
1,0,0,90,90,0,0,0,0,1,0,0,0,0,0,0,30
1,0,0,100,100,0,0,0,0,1,0,0,0,0,0,0,30
1,0,0,93,93,0,0,0,0,1,0,0,0,0,0,0,30
1,0,0,100,100,0,0,0,0,1,0,0,0,0,0,0,30
1,0,0,100,100,0,0,0,0,1,0,0,0,0,0,0,30
1,0,0,91,91,0,0,0,0,1,0,0,0,0,0,0,30
1,0,0,74,74,0,0,0,0,1,0,0,0,0,0,0,30
1,0,0,83,83,0,0,0,0,1,0,0,0,0,0,0,30
1,96,0,96,96,2,1,0,0,1,1,0,0,0,0,0,30
1,0,0,91,91,0,0,0,0,1,0,0,0,0,0,0,30
1,0,0,95,95,0,0,0,0,1,0,0,0,0,0,0,30
1,0,0,97,97,0,0,0,0,1,0,0,0,0,0,0,30
1,0,0,100,100,0,0,0,0,1,0,0,0,0,0,0,30
1,0,0,93,93,0,0,0,0,1,0,0,0,0,0,0,30
1,0,0,72,72,0,0,0,0,1,0,0,0,0,0,0,30
1,0,0,100,100,0,0,0,0,1,0,0,0,0,0,0,30
1,0,0,84,84,0,0,0,0,1,0,0,0,0,0,0,30
1,0,0,86,86,0,0,0,0,1,0,0,0,0,0,0,30
1,0,0,94,94,0,0,0,0,1,0,0,0,0,0,0,30
1,0,0,98,98,0,0,0,0,1,0,0,0,0,0,0,30
1,0,0,80,80,0,0,0,0,1,0,0,0,0,0,0,30
1,77.5,78.0128721892612,98,78.0128721892612,2,6,0,0.14,1,0,0,0,0,0,0,30
1,0,0,98,98,0,0,0,0,1,0,0,0,0,0,0,30
1,0,0,83,83,0,0,0,0,1,0,0,0,0,0,0,30
1,0,0,98,98,0,0,0,0,1,0,0,0,0,0,0,30
1,0,0,75,75,0,0,0,0,1,0,0,0,0,0,0,30
1,0,0,91,91,0,0,0,0,1,0,0,0,0,0,0,30
1,0,0,64,64,0,0,0,0,1,0,0,0,0,0,0,30
1,0,0,100,100,0,0,0,0,1,0,0,0,0,0,0,30
1,0,0,92,92,0,0,0,0,1,0,0,0,0,0,0,30
1,0,0,85,85,0,0,0,0,1,0,0,0,0,0,0,30
1,0,0,100,100,0,0,0,0,1,0,0,0,0,0,0,30
2,0,0,84,84,0,0,0,0,1,0,0,0,0,0,1,59
2,0,0,85,85,0,0,0,0,1,0,0,0,0,0,1,59
2,0,0,80,80,0,0,0,0,1,0,0,0,0,0,1,59
2,0,0,86,86,0,0,0,0,1,0,0,0,0,0,1,59
2,0,0,88,88,0,0,0,0,1,0,0,0,0,0,1,59
2,0,0,80,80,0,0,0,0,1,0,0,0,0,0,1,59
2,0,0,82,82,0,0,0,0,1,0,0,0,0,0,1,59
2,0,0,80,80,0,0,0,0,1,0,0,0,0,0,1,59
2,0,0,83,83,0,0,0,0,1,0,0,0,0,0,1,59
2,86.5,86.7142558042664,88,86.7142558042664,4,3,0,0.46,1,0,0,0,0,0,1,59
2,0,0,81,81,0,0,0,0,1,0,0,0,0,0,1,59
2,0,0,85,85,0,0,0,0,1,0,0,0,0,0,1,59
2,79.5,0,80,80,2,1,0,0,1,1,1,0,0,0,1,59
2,0,0,81,81,0,0,0,0,1,0,0,0,0,0,1,59
2,0,0,82,82,0,0,0,0,1,0,0,0,0,0,1,59
2,0,0,81,81,0,0,0,0,1,0,0,0,0,0,1,59
2,0,0,82,82,0,0,0,0,1,0,0,0,0,0,1,59
2,0,0,84,84,0,0,0,0,1,0,0,0,0,0,1,59
2,0,0,81,81,0,0,0,0,1,0,0,0,0,0,1,59
2,0,0,81,81,0,0,0,0,1,0,0,0,0,0,1,59
2,0,0,80,80,0,0,0,0,1,0,0,0,0,0,1,59
2,0,0,83,83,0,0,0,0,1,0,0,0,0,0,1,59
2,69.5,0,81,81,2,1,0,0,1,1,1,0,0,0,1,59
2,0,0,85,85,0,0,0,0,1,0,0,0,0,0,1,59
2,0,0,85,85,0,0,0,0,1,0,0,0,0,0,1,59
2,0,0,83,83,0,0,0,0,1,0,0,0,0,0,1,59
2,0,0,82,82,0,0,0,0,1,0,0,0,0,0,1,59
2,0,0,80,80,0,0,0,0,1,0,0,0,0,0,1,59
2,0,0,81,81,0,0,0,0,1,0,0,0,0,0,1,59
2,0,0,82,82,0,0,0,0,1,0,0,0,0,0,1,59
2,0,0,84,84,0,0,0,0,1,0,0,0,0,0,1,59
2,0,0,81,81,0,0,0,0,1,0,0,0,0,0,1,59
2,0,0,84,84,0,0,0,0,1,0,0,0,0,0,1,59
2,0,0,82,82,0,0,0,0,1,0,0,0,0,0,1,59
2,0,0,81,81,0,0,0,0,1,0,0,0,0,0,1,59
2,84.5,84.684373542579,85,84.684373542579,2,6,0,0.14,1,0,0,0,0,0,1,59
2,0,0,83,83,0,0,0,0,1,0,0,0,0,0,1,59
2,0,0,85,85,0,0,0,0,1,0,0,0,0,0,1,59
2,0,0,84,84,0,0,0,0,1,0,0,0,0,0,1,59
2,0,0,82,82,0,0,0,0,1,0,0,0,0,0,1,59
2,0,0,82,82,0,0,0,0,1,0,0,0,0,0,1,59
2,0,0,82,82,0,0,0,0,1,0,0,0,0,0,1,59
2,0,0,84,84,0,0,0,0,1,0,0,0,0,0,1,59
2,0,0,80,80,0,0,0,0,1,0,0,0,0,0,1,59
2,0,0,83,83,0,0,0,0,1,0,0,0,0,0,1,59
2,0,0,89,89,0,0,0,0,1,0,0,0,0,0,1,59
2,0,0,80,80,0,0,0,0,1,0,0,0,0,0,1,59
2,0,0,82,82,0,0,0,0,1,0,0,0,0,0,1,59
2,0,0,80,80,0,0,0,0,1,0,0,0,0,0,1,59
2,0,0,89,89,0,0,0,0,1,0,0,0,0,0,1,59
2,0,0,80,80,0,0,0,0,1,0,0,0,0,0,1,59
2,0,0,87,87,0,0,0,0,1,0,0,0,0,0,1,59
2,0,0,83,83,0,0,0,0,1,0,0,0,0,0,1,59
2,0,0,85,85,0,0,0,0,1,0,0,0,0,0,1,59
2,0,0,80,80,0,0,0,0,1,0,0,0,0,0,1,59
2,0,0,80,80,0,0,0,0,1,0,0,0,0,0,1,59
2,0,0,80,80,0,0,0,0,1,0,0,0,0,0,1,59
2,0,0,87,87,0,0,0,0,1,0,0,0,0,0,1,59
2,0,0,81,81,0,0,0,0,1,0,0,0,0,0,1,59
2,0,0,80,80,0,0,0,0,1,0,0,0,0,0,1,59
2,73.5,100,89,89,2,1,0,0.28,1,0,1,201.668106602374,0,0,1,59
2,0,0,84,84,0,0,0,0,1,0,0,0,0,0,1,59
2,0,0,83,83,0,0,0,0,1,0,0,0,0,0,1,59
2,0,0,80,80,0,0,0,0,1,0,0,0,0,0,1,59
2,0,0,80,80,0,0,0,0,1,0,0,0,0,0,1,59
2,0,0,84,84,0,0,0,0,1,0,0,0,0,0,1,59
2,0,0,81,81,0,0,0,0,1,0,0,0,0,0,1,59
2,0,0,85,85,0,0,0,0,1,0,0,0,0,0,1,59
2,0,0,81,81,0,0,0,0,1,0,0,0,0,0,1,59
2,0,0,82,82,0,0,0,0,1,0,0,0,0,0,1,59
2,0,0,81,81,0,0,0,0,1,0,0,0,0,0,1,59
2,0,0,80,80,0,0,0,0,1,0,0,0,0,0,1,59
2,0,0,82,82,0,0,0,0,1,0,0,0,0,0,1,59
2,0,0,86,86,0,0,0,0,1,0,0,0,0,0,1,59
2,0,0,80,80,0,0,0,0,1,0,0,0,0,0,1,59
2,80.5,80.5534083478933,81,80.5534083478933,1,6,0,0.28,1,0,0,0,0,0,1,59
2,0,0,80,80,0,0,0,0,1,0,0,0,0,0,1,59
2,0,0,81,81,0,0,0,0,1,0,0,0,0,0,1,59
2,0,0,84,84,0,0,0,0,1,0,0,0,0,0,1,59
2,0,0,89,89,0,0,0,0,1,0,0,0,0,0,1,59
2,0,0,81,81,0,0,0,0,1,0,0,0,0,0,1,59
2,0,0,82,82,0,0,0,0,1,0,0,0,0,0,1,59
2,0,0,85,85,0,0,0,0,1,0,0,0,0,0,1,59
2,0,0,87,87,0,0,0,0,1,0,0,0,0,0,1,59
2,0,0,81,81,0,0,0,0,1,0,0,0,0,0,1,59
2,0,0,83,83,0,0,0,0,1,0,0,0,0,0,1,59
2,0,0,80,80,0,0,0,0,1,0,0,0,0,0,1,59
2,0,0,83,83,0,0,0,0,1,0,0,0,0,0,1,59
2,0,0,82,82,0,0,0,0,1,0,0,0,0,0,1,59
2,0,0,84,84,0,0,0,0,1,0,0,0,0,0,1,59
2,0,0,80,80,0,0,0,0,1,0,0,0,0,0,1,59
2,0,0,88,88,0,0,0,0,1,0,0,0,0,0,1,59
2,0,0,80,80,0,0,0,0,1,0,0,0,0,0,1,59
2,0,0,83,83,0,0,0,0,1,0,0,0,0,0,1,59
2,0,0,81,81,0,0,0,0,1,0,0,0,0,0,1,59
1,0,0,90,90,0,0,0,0,1,0,0,0,0,0,1,46
1,0,0,88,88,0,0,0,0,1,0,0,0,0,0,1,46
1,0,0,97,97,0,0,0,0,1,0,0,0,0,0,1,46
1,0,0,80,80,0,0,0,0,1,0,0,0,0,0,1,46
1,0,0,89,89,0,0,0,0,1,0,0,0,0,0,1,46
1,0,0,76,76,0,0,0,0,1,0,0,0,0,0,1,46
1,0,0,80,80,0,0,0,0,1,0,0,0,0,0,1,46
1,0,0,100,100,0,0,0,0,1,0,0,0,0,0,1,46
1,0,0,87,87,0,0,0,0,1,0,0,0,0,0,1,46
1,0,0,84,84,0,0,0,0,1,0,0,0,0,0,1,46
1,0,0,88,88,0,0,0,0,1,0,0,0,0,0,1,46
1,0,0,82,82,0,0,0,0,1,0,0,0,0,0,1,46
1,0,0,81,81,0,0,0,0,1,0,0,0,0,0,1,46
1,0,0,81,81,0,0,0,0,1,0,0,0,0,0,1,46
1,0,0,89,89,0,0,0,0,1,0,0,0,0,0,1,46
1,0,0,79,79,0,0,0,0,1,0,0,0,0,0,1,46
1,0,0,95,95,0,0,0,0,1,0,0,0,0,0,1,46
1,0,0,76,76,0,0,0,0,1,0,0,0,0,0,1,46
1,72.5,96.8973392401006,85,85,2,1,0,0.18,1,0,1,24.3973392401006,0,0,1,46
1,0,0,83,83,0,0,0,0,1,0,0,0,0,0,1,46
1,0,0,78,78,0,0,0,0,1,0,0,0,0,0,1,46
1,0,0,85,85,0,0,0,0,1,0,0,0,0,0,1,46
1,0,0,87,87,0,0,0,0,1,0,0,0,0,0,1,46
1,0,0,92,92,0,0,0,0,1,0,0,0,0,0,1,46
1,0,0,93,93,0,0,0,0,1,0,0,0,0,0,1,46
1,0,0,83,83,0,0,0,0,1,0,0,0,0,0,1,46
1,0,0,81,81,0,0,0,0,1,0,0,0,0,0,1,46
1,0,0,93,93,0,0,0,0,1,0,0,0,0,0,1,46
1,0,0,81,81,0,0,0,0,1,0,0,0,0,0,1,46
1,0,0,77,77,0,0,0,0,1,0,0,0,0,0,1,46
1,0,0,96,96,0,0,0,0,1,0,0,0,0,0,1,46
1,0,0,96,96,0,0,0,0,1,0,0,0,0,0,1,46
1,0,0,90,90,0,0,0,0,1,0,0,0,0,0,1,46
1,0,0,83,83,0,0,0,0,1,0,0,0,0,0,1,46
2,0,0,100,100,0,0,0,0,1,0,0,0,0,0,1,41
2,0,0,98,98,0,0,0,0,1,0,0,0,0,0,1,41
2,0,0,82,82,0,0,0,0,1,0,0,0,0,0,1,41
2,0,0,95,95,0,0,0,0,1,0,0,0,0,0,1,41
2,0,0,86,86,0,0,0,0,1,0,0,0,0,0,1,41
2,0,0,70,70,0,0,0,0,1,0,0,0,0,0,1,41
2,0,0,99,99,0,0,0,0,1,0,0,0,0,0,1,41
2,0,0,79,79,0,0,0,0,1,0,0,0,0,0,1,41
2,0,0,72,72,0,0,0,0,1,0,0,0,0,0,1,41
2,0,0,90,90,0,0,0,0,1,0,0,0,0,0,1,41
2,0,0,70,70,0,0,0,0,1,0,0,0,0,0,1,41
2,0,0,92,92,0,0,0,0,1,0,0,0,0,0,1,41
2,0,0,93,93,0,0,0,0,1,0,0,0,0,0,1,41
2,0,0,79,79,0,0,0,0,1,0,0,0,0,0,1,41
2,0,0,91,91,0,0,0,0,1,0,0,0,0,0,1,41
2,0,0,97,97,0,0,0,0,1,0,0,0,0,0,1,41
2,0,0,91,91,0,0,0,0,1,0,0,0,0,0,1,41
2,98.5,98.6634854535246,99,98.6634854535246,4,6,0,0,1,0,0,0,0,0,1,41
2,0,0,100,100,0,0,0,0,1,0,0,0,0,0,1,41
2,0,0,94,94,0,0,0,0,1,0,0,0,0,0,1,41
2,0,0,100,100,0,0,0,0,1,0,0,0,0,0,1,41
2,0,0,81,81,0,0,0,0,1,0,0,0,0,0,1,41
2,0,0,94,94,0,0,0,0,1,0,0,0,0,0,1,41
2,0,0,91,91,0,0,0,0,1,0,0,0,0,0,1,41
2,0,0,72,72,0,0,0,0,1,0,0,0,0,0,1,41
2,0,0,90,90,0,0,0,0,1,0,0,0,0,0,1,41
2,0,0,88,88,0,0,0,0,1,0,0,0,0,0,1,41
2,0,0,88,88,0,0,0,0,1,0,0,0,0,0,1,41
2,0,0,77,77,0,0,0,0,1,0,0,0,0,0,1,41
2,0,0,84,84,0,0,0,0,1,0,0,0,0,0,1,41
2,0,0,95,95,0,0,0,0,1,0,0,0,0,0,1,41
2,0,0,100,100,0,0,0,0,1,0,0,0,0,0,1,41
2,0,0,92,92,0,0,0,0,1,0,0,0,0,0,1,41
2,0,0,94,94,0,0,0,0,1,0,0,0,0,0,1,41
2,0,0,93,93,0,0,0,0,1,0,0,0,0,0,1,41
2,0,0,89,89,0,0,0,0,1,0,0,0,0,0,1,41
2,0,0,91,91,0,0,0,0,1,0,0,0,0,0,1,41
2,0,0,100,100,0,0,0,0,1,0,0,0,0,0,1,41
2,0,0,80,80,0,0,0,0,1,0,0,0,0,0,1,41
2,0,0,96,96,0,0,0,0,1,0,0,0,0,0,1,41
2,82.5,83.6661200168009,100,83.6661200168009,2,6,0,0,1,0,0,0,0,0,1,41
2,0,0,72,72,0,0,0,0,1,0,0,0,0,0,1,41
2,0,0,100,100,0,0,0,0,1,0,0,0,0,0,1,41
2,0,0,100,100,0,0,0,0,1,0,0,0,0,0,1,41
2,89.5,90.1756137357439,100,90.1756137357439,4,6,0,0.28,0,0,0,0,0,0,0,26
2,0,0,68,68,0,0,0,0,0,0,0,0,0,0,0,26
2,0,0,100,100,0,0,0,0,0,0,0,0,0,0,0,26
2,0,0,97,97,0,0,0,0,0,0,0,0,0,0,0,26
2,0,0,74,74,0,0,0,0,0,0,0,0,0,0,0,26
2,0,0,100,100,0,0,0,0,0,0,0,0,0,0,0,26
2,0,0,87,87,0,0,0,0,0,0,0,0,0,0,0,26
2,85.5,85.5847841973508,100,85.5847841973508,4,6,0,0,0,0,0,0,0,0,0,26
2,0,0,98,98,0,0,0,0,0,0,0,0,0,0,0,26
2,0,0,100,100,0,0,0,0,0,0,0,0,0,0,0,26
2,0,0,99,99,0,0,0,0,0,0,0,0,0,0,0,26
2,0,0,100,100,0,0,0,0,0,0,0,0,0,0,0,26
2,0,0,100,100,0,0,0,0,0,0,0,0,0,0,0,26
2,0,0,89,89,0,0,0,0,0,0,0,0,0,0,0,26
2,0,0,85,85,0,0,0,0,0,0,0,0,0,0,0,26
2,0,0,85,85,0,0,0,0,0,0,0,0,0,0,0,26
2,0,0,100,100,0,0,0,0,0,0,0,0,0,0,0,26
2,0,0,100,100,0,0,0,0,0,0,0,0,0,0,0,26
2,100,0,100,100,2,1,0,0,0,1,0,0,0,0,0,26
2,0,0,100,100,0,0,0,0,0,0,0,0,0,0,0,26
2,0,0,100,100,0,0,0,0,0,0,0,0,0,0,0,26
2,0,0,100,100,0,0,0,0,0,0,0,0,0,0,0,26
2,0,0,90,90,0,0,0,0,0,0,0,0,0,0,0,26
2,0,0,100,100,0,0,0,0,0,0,0,0,0,0,0,26
2,0,0,100,100,0,0,0,0,0,0,0,0,0,0,0,26
2,0,0,100,100,0,0,0,0,0,0,0,0,0,0,0,26
2,0,0,76,76,0,0,0,0,0,0,0,0,0,0,0,26
2,0,0,52,52,0,0,0,0,0,0,0,0,0,0,0,26
2,0,0,71,71,0,0,0,0,0,0,0,0,0,0,0,26
2,0,0,84,84,0,0,0,0,0,0,0,0,0,0,0,26
2,0,0,99,99,0,0,0,0,0,0,0,0,0,0,0,26
2,0,0,79,79,0,0,0,0,0,0,0,0,0,0,0,26
2,0,0,100,100,0,0,0,0,0,0,0,0,0,0,0,26
2,0,0,97,97,0,0,0,0,0,0,0,0,0,0,0,26
2,0,0,88,88,0,0,0,0,0,0,0,0,0,0,0,26
2,0,0,100,100,0,0,0,0,0,0,0,0,0,0,0,26
2,0,0,100,100,0,0,0,0,0,0,0,0,0,0,0,26
2,0,0,100,100,0,0,0,0,0,0,0,0,0,0,0,26
2,0,0,98,98,0,0,0,0,0,0,0,0,0,0,0,26
2,0,0,100,100,0,0,0,0,0,0,0,0,0,0,0,26
2,0,0,100,100,0,0,0,0,0,0,0,0,0,0,0,26
2,0,0,99,99,0,0,0,0,0,0,0,0,0,0,0,26
2,0,0,100,100,0,0,0,0,0,0,0,0,0,0,0,26
2,0,0,100,100,0,0,0,0,0,0,0,0,0,0,0,26
2,0,0,100,100,0,0,0,0,0,0,0,0,0,0,0,26
2,0,0,100,100,0,0,0,0,0,0,0,0,0,0,0,26
2,0,0,89,89,0,0,0,0,0,0,0,0,0,0,0,26
2,0,0,100,100,0,0,0,0,0,0,0,0,0,0,0,26
2,0,0,100,100,0,0,0,0,0,0,0,0,0,0,0,26
2,0,0,100,100,0,0,0,0,0,0,0,0,0,0,0,26
2,0,0,100,100,0,0,0,0,0,0,0,0,0,0,0,26
2,0,0,100,100,0,0,0,0,0,0,0,0,0,0,0,26
2,0,0,94,94,0,0,0,0,0,0,0,0,0,0,0,26
2,0,0,100,100,0,0,0,0,0,0,0,0,0,0,0,26
2,0,0,100,100,0,0,0,0,0,0,0,0,0,0,0,26
2,0,0,82,82,0,0,0,0,0,0,0,0,0,0,0,26
2,0,0,100,100,0,0,0,0,0,0,0,0,0,0,0,26
2,0,0,100,100,0,0,0,0,0,0,0,0,0,0,0,26
2,0,0,91,91,0,0,0,0,0,0,0,0,0,0,0,26
2,0,0,97,97,0,0,0,0,0,0,0,0,0,0,0,26
2,0,0,100,100,0,0,0,0,0,0,0,0,0,0,0,26
2,0,0,100,100,0,0,0,0,0,0,0,0,0,0,0,26
2,0,0,84,84,0,0,0,0,0,0,0,0,0,0,0,26
2,90.5,91.3601462833396,100,91.3601462833396,2,5,0,0.32,0,0,0,0,0,0,0,26
2,0,0,87,87,0,0,0,0,0,0,0,0,0,0,0,26
2,0,0,100,100,0,0,0,0,0,0,0,0,0,0,0,26
2,0,0,100,100,0,0,0,0,0,0,0,0,0,0,0,26
2,0,0,100,100,0,0,0,0,0,0,0,0,0,0,0,26
2,0,0,100,100,0,0,0,0,0,0,0,0,0,0,0,26
2,100,0,100,100,2,1,0,0,0,1,0,0,0,0,0,26
2,0,0,94,94,0,0,0,0,0,0,0,0,0,0,0,26
2,0,0,100,100,0,0,0,0,0,0,0,0,0,0,0,26
2,0,0,100,100,0,0,0,0,0,0,0,0,0,0,0,26
2,0,0,92,92,0,0,0,0,0,0,0,0,0,0,0,26
2,0,0,100,100,0,0,0,0,0,0,0,0,0,0,0,26
2,0,0,100,100,0,0,0,0,0,0,0,0,0,0,0,26
2,0,0,98,98,0,0,0,0,0,0,0,0,0,0,0,26
2,0,0,88,88,0,0,0,0,0,0,0,0,0,0,0,26
2,0,0,84,84,0,0,0,0,0,0,0,0,0,0,0,26
2,0,0,100,100,0,0,0,0,0,0,0,0,0,0,0,26
2,0,0,100,100,0,0,0,0,0,0,0,0,0,0,0,26
2,0,0,76,76,0,0,0,0,0,0,0,0,0,0,0,26
2,0,0,100,100,0,0,0,0,0,0,0,0,0,0,0,26
2,0,0,100,100,0,0,0,0,0,0,0,0,0,0,0,26
2,0,0,89,89,0,0,0,0,0,0,0,0,0,0,0,26
2,0,0,100,100,0,0,0,0,0,0,0,0,0,0,0,26
2,0,0,97,97,0,0,0,0,0,0,0,0,0,0,0,26
1,0,0,100,100,0,0,0,0,1,0,0,0,0,0,1,48
1,0,0,77,77,0,0,0,0,1,0,0,0,0,0,1,48
1,0,0,87,87,0,0,0,0,1,0,0,0,0,0,1,48
1,0,0,94,94,0,0,0,0,1,0,0,0,0,0,1,48
1,0,0,100,100,0,0,0,0,1,0,0,0,0,0,1,48
1,0,0,94,94,0,0,0,0,1,0,0,0,0,0,1,48
1,0,0,80,80,0,0,0,0,1,0,0,0,0,0,1,48
1,0,0,76,76,0,0,0,0,1,0,0,0,0,0,1,48
1,0,0,100,100,0,0,0,0,1,0,0,0,0,0,1,48
1,0,0,81,81,0,0,0,0,1,0,0,0,0,0,1,48
1,0,0,95,95,0,0,0,0,1,0,0,0,0,0,1,48
1,0,0,86,86,0,0,0,0,1,0,0,0,0,0,1,48
1,0,0,81,81,0,0,0,0,1,0,0,0,0,0,1,48
1,82.5,82.8409774606787,97,82.8409774606787,2,5,0,0.18,1,0,0,0,0,0,1,48
1,91,0,91,91,2,1,0,0,1,1,0,0,0,0,1,48
1,0,0,86,86,0,0,0,0,1,0,0,0,0,0,1,48
1,0,0,93,93,0,0,0,0,1,0,0,0,0,0,1,48
1,75.5,100,100,100,3,1,0,0,1,0,1,45.0116317233704,0,0,1,48
1,0,0,99,99,0,0,0,0,1,0,0,0,0,0,1,48
1,0,0,92,92,0,0,0,0,1,0,0,0,0,0,1,48
1,0,0,98,98,0,0,0,0,1,0,0,0,0,0,1,48
1,0,0,85,85,0,0,0,0,1,0,0,0,0,0,1,48
1,0,0,79,79,0,0,0,0,1,0,0,0,0,0,1,48
1,0,0,90,90,0,0,0,0,1,0,0,0,0,0,1,48
1,0,0,89,89,0,0,0,0,1,0,0,0,0,0,1,48
1,0,0,88,88,0,0,0,0,1,0,0,0,0,0,1,48
1,0,0,88,88,0,0,0,0,1,0,0,0,0,0,1,48
1,0,0,89,89,0,0,0,0,1,0,0,0,0,0,1,48
1,0,0,83,83,0,0,0,0,1,0,0,0,0,0,1,48
1,0,0,92,92,0,0,0,0,1,0,0,0,0,0,1,48
1,0,0,85,85,0,0,0,0,1,0,0,0,0,0,1,48
1,0,0,77,77,0,0,0,0,1,0,0,0,0,0,1,48
1,0,0,97,97,0,0,0,0,1,0,0,0,0,0,1,48
1,0,0,100,100,0,0,0,0,1,0,0,0,0,0,1,48
1,0,0,100,100,0,0,0,0,1,0,0,0,0,0,1,48
1,100,0,100,100,2,1,0,0,1,1,0,0,0,0,1,48
1,0,0,81,81,0,0,0,0,1,0,0,0,0,0,1,48
1,90.5,90.6474883399425,97,90.6474883399425,4,6,0,0.14,1,0,0,0,0,0,1,48
1,0,0,91,91,0,0,0,0,1,0,0,0,0,0,1,48
1,86.5,87.0836417815025,100,87.0836417815025,2,6,0,0.14,1,0,0,0,0,0,1,48
1,0,0,96,96,0,0,0,0,1,0,0,0,0,0,1,48
1,0,0,97,97,0,0,0,0,1,0,0,0,0,0,1,48
1,0,0,72,72,0,0,0,0,1,0,0,0,0,0,1,48
1,0,0,100,100,0,0,0,0,1,0,0,0,0,0,1,48
1,0,0,76,76,0,0,0,0,1,0,0,0,0,0,1,48
1,0,0,94,94,0,0,0,0,1,0,0,0,0,0,1,48
1,0,0,99,99,0,0,0,0,1,0,0,0,0,0,1,48
1,0,0,97,97,0,0,0,0,1,0,0,0,0,0,1,48
1,0,0,93,93,0,0,0,0,1,0,0,0,0,0,1,48
1,0,0,78,78,0,0,0,0,1,0,0,0,0,0,1,48
1,0,0,72,72,0,0,0,0,1,0,0,0,0,0,1,48
1,0,0,78,78,0,0,0,0,1,0,0,0,0,0,1,48
1,0,0,100,100,0,0,0,0,1,0,0,0,0,0,1,48
1,0,0,94,94,0,0,0,0,1,0,0,0,0,0,1,48
1,0,0,91,91,0,0,0,0,1,0,0,0,0,0,1,48
1,0,0,94,94,0,0,0,0,1,0,0,0,0,0,1,48
1,0,0,71,71,0,0,0,0,1,0,0,0,0,0,1,48
1,0,0,87,87,0,0,0,0,1,0,0,0,0,0,1,48
1,0,0,76,76,0,0,0,0,1,0,0,0,0,0,1,48
1,0,0,75,75,0,0,0,0,1,0,0,0,0,0,1,48
1,0,0,74,74,0,0,0,0,1,0,0,0,0,0,1,48
1,0,0,94,94,0,0,0,0,1,0,0,0,0,0,1,48
1,82.5,86.7483024081094,90,86.7483024081094,2,1,0,0.14,1,0,0,0,0,0,1,48
1,0,0,88,88,0,0,0,0,1,0,0,0,0,0,1,48
1,0,0,70,70,0,0,0,0,1,0,0,0,0,0,1,48
1,0,0,100,100,0,0,0,0,1,0,0,0,0,0,1,48
1,0,0,83,83,0,0,0,0,1,0,0,0,0,0,1,48
1,0,0,84,84,0,0,0,0,1,0,0,0,0,0,1,48
1,0,0,92,92,0,0,0,0,1,0,0,0,0,0,1,48
1,0,0,73,73,0,0,0,0,1,0,0,0,0,0,1,48
1,77.5,77.635238018608,92,77.635238018608,1,6,0,0.46,1,0,0,0,0,0,1,48
1,0,0,91,91,0,0,0,0,1,0,0,0,0,0,1,48
1,75.5,76.8641621252727,94,76.8641621252727,4,3,0,0.28,1,0,1,0.167205900856902,0,0,1,48
1,0,0,94,94,0,0,0,0,1,0,0,0,0,0,1,48
1,0,0,100,100,0,0,0,0,1,0,0,0,0,0,1,48
1,0,0,86,86,0,0,0,0,1,0,0,0,0,0,1,48
1,0,0,83,83,0,0,0,0,1,0,0,0,0,0,1,48
1,87.5,87.7404158550654,91,87.7404158550654,2,6,0,0,1,0,0,0,0,0,1,48
1,0,0,94,94,0,0,0,0,1,0,0,0,0,0,1,48
1,0,0,90,90,0,0,0,0,1,0,0,0,0,0,1,48
1,0,0,83,83,0,0,0,0,1,0,0,0,0,0,1,48
1,0,0,83,83,0,0,0,0,1,0,0,0,0,0,1,45
1,0,0,76,76,0,0,0,0,1,0,0,0,0,0,1,45
1,0,0,79,79,0,0,0,0,1,0,0,0,0,0,1,45
1,0,0,76,76,0,0,0,0,1,0,0,0,0,0,1,45
1,0,0,90,90,0,0,0,0,1,0,0,0,0,0,1,45
1,0,0,100,100,0,0,0,0,1,0,0,0,0,0,1,45
1,0,0,84,84,0,0,0,0,1,0,0,0,0,0,1,45
1,80.5,100,90,90,2,3,0,0.46,1,0,0,0,0,0,1,45
1,0,0,99,99,0,0,0,0,1,0,0,0,0,0,1,45
1,0,0,74,74,0,0,0,0,1,0,0,0,0,0,1,45
1,0,0,85,85,0,0,0,0,1,0,0,0,0,0,1,45
1,0,0,76,76,0,0,0,0,1,0,0,0,0,0,1,45
1,0,0,89,89,0,0,0,0,1,0,0,0,0,0,1,45
1,0,0,74,74,0,0,0,0,1,0,0,0,0,0,1,45
1,0,0,90,90,0,0,0,0,1,0,0,0,0,0,1,45
1,0,0,91,91,0,0,0,0,1,0,0,0,0,0,1,45
1,0,0,74,74,0,0,0,0,1,0,0,0,0,0,1,45
1,0,0,78,78,0,0,0,0,1,0,0,0,0,0,1,45
1,0,0,62,62,0,0,0,0,1,0,0,0,0,0,1,45
1,0,0,97,97,0,0,0,0,1,0,0,0,0,0,1,45
1,0,0,69,69,0,0,0,0,1,0,0,0,0,0,1,45
1,0,0,86,86,0,0,0,0,1,0,0,0,0,0,1,45
1,80.5,80.6591633764896,88,80.6591633764896,2,4,0,0.28,1,0,0,0,0,0,1,45
1,0,0,64,64,0,0,0,0,1,0,0,0,0,0,1,45
1,0,0,69,69,0,0,0,0,1,0,0,0,0,0,1,45
1,0,0,75,75,0,0,0,0,1,0,0,0,0,0,1,45
1,0,0,83,83,0,0,0,0,1,0,0,0,0,0,1,45
1,0,0,75,75,0,0,0,0,1,0,0,0,0,0,1,45
1,0,0,88,88,0,0,0,0,1,0,0,0,0,0,1,45
1,0,0,98,98,0,0,0,0,1,0,0,0,0,0,1,45
1,0,0,65,65,0,0,0,0,1,0,0,0,0,0,1,45
1,0,0,64,64,0,0,0,0,1,0,0,0,0,0,1,45
1,0,0,70,70,0,0,0,0,1,0,0,0,0,0,1,45
1,0,0,91,91,0,0,0,0,1,0,0,0,0,0,1,45
1,0,0,97,97,0,0,0,0,1,0,0,0,0,0,1,45
1,0,0,73,73,0,0,0,0,1,0,0,0,0,0,1,45
1,0,0,100,100,0,0,0,0,1,0,0,0,0,0,1,45
1,0,0,96,96,0,0,0,0,1,0,0,0,0,0,1,45
1,96.5,96.5108161763506,100,96.5108161763506,4,6,0,0.14,1,0,0,0,0,0,1,45
1,0,0,85,85,0,0,0,0,1,0,0,0,0,0,1,45
1,0,0,94,94,0,0,0,0,1,0,0,0,0,0,1,45
1,0,0,91,91,0,0,0,0,1,0,0,0,0,0,1,45
1,0,0,88,88,0,0,0,0,1,0,0,0,0,0,1,45
1,0,0,70,70,0,0,0,0,1,0,0,0,0,0,1,45
1,0,0,77,77,0,0,0,0,1,0,0,0,0,0,1,45
1,62.5,63.6102732069157,71,63.6102732069157,1,4,0,0.14,1,0,1,1.11027320691567,0,0,1,45
1,71.5,100,89,89,2,1,0,0.28,1,0,1,63.3868946307405,0,0,1,45
1,0,0,66,66,0,0,0,0,1,0,0,0,0,0,1,45
1,0,0,84,84,0,0,0,0,1,0,0,0,0,0,1,45
1,68.5,70.7578388455526,87,70.7578388455526,1,1,0,0.14,1,0,1,2.25783884555255,0,0,1,45
1,0,0,71,71,0,0,0,0,1,0,0,0,0,0,1,45
1,0,0,73,73,0,0,0,0,1,0,0,0,0,0,1,45
1,0,0,89,89,0,0,0,0,1,0,0,0,0,0,1,45
1,0,0,72,72,0,0,0,0,1,0,0,0,0,0,1,45
1,0,0,70,70,0,0,0,0,1,0,0,0,0,0,1,45
1,0,0,100,100,0,0,0,0,1,0,0,0,0,0,1,45
1,82.5,82.6968188140665,99,82.6968188140665,2,6,0,0.14,1,0,0,0,0,0,1,45
1,0,0,90,90,0,0,0,0,1,0,0,0,0,0,1,45
1,0,0,75,75,0,0,0,0,1,0,0,0,0,0,1,45
1,0,0,91,91,0,0,0,0,1,0,0,0,0,0,1,45
1,0,0,96,96,0,0,0,0,1,0,0,0,0,0,1,45
1,0,0,100,100,0,0,0,0,1,0,0,0,0,0,1,45
1,0,0,91,91,0,0,0,0,1,0,0,0,0,0,1,45
1,0,0,73,73,0,0,0,0,1,0,0,0,0,0,1,45
1,0,0,84,84,0,0,0,0,1,0,0,0,0,0,1,45
1,0,0,77,77,0,0,0,0,1,0,0,0,0,0,1,45
1,0,0,65,65,0,0,0,0,1,0,0,0,0,0,1,45
1,0,0,100,100,0,0,0,0,1,0,0,0,0,0,1,45
1,72.5,86.0227843646877,73,73,2,2,0,0.18,1,0,1,13.5227843646877,0,0,1,45
1,0,0,97,97,0,0,0,0,1,0,0,0,0,0,1,45
1,0,0,83,83,0,0,0,0,1,0,0,0,0,0,1,45
1,0,0,100,100,0,0,0,0,1,0,0,0,0,0,1,45
1,0,0,100,100,0,0,0,0,1,0,0,0,0,0,1,45
1,0,0,76,76,0,0,0,0,1,0,0,0,0,0,1,45
1,0,0,70,70,0,0,0,0,1,0,0,0,0,0,1,45
1,84.5,84.6655173179651,92,84.6655173179651,2,6,0,0.14,1,0,0,0,0,0,1,45
1,0,0,83,83,0,0,0,0,1,0,0,0,0,0,1,45
1,0,0,93,93,0,0,0,0,1,0,0,0,0,0,1,45
1,0,0,83,83,0,0,0,0,1,0,0,0,0,0,1,45
1,0,0,65,65,0,0,0,0,1,0,0,0,0,0,1,45
1,76,0,76,76,2,1,0,0,1,1,0,0,0,0,1,45
1,0,0,66,66,0,0,0,0,1,0,0,0,0,0,1,45
1,0,0,62,62,0,0,0,0,1,0,0,0,0,0,1,45
1,0,0,90,90,0,0,0,0,1,0,0,0,0,0,1,45
1,0,0,78,78,0,0,0,0,1,0,0,0,0,0,1,45
1,0,0,98,98,0,0,0,0,1,0,0,0,0,0,1,45
1,0,0,82,82,0,0,0,0,1,0,0,0,0,0,1,45
1,0,0,83,83,0,0,0,0,1,0,0,0,0,0,1,45
1,0,0,91,91,0,0,0,0,1,0,0,0,0,0,1,45
1,0,0,100,100,0,0,0,0,1,0,0,0,0,0,1,45
1,0,0,73,73,0,0,0,0,1,0,0,0,0,0,1,45
1,0,0,92,92,0,0,0,0,1,0,0,0,0,0,1,45
1,0,0,78,78,0,0,0,0,1,0,0,0,0,0,1,45
1,0,0,99,99,0,0,0,0,1,0,0,0,0,0,1,45
1,0,0,77,77,0,0,0,0,1,0,0,0,0,0,1,45
1,0,0,84,84,0,0,0,0,1,0,0,0,0,0,1,45
1,0,0,74,74,0,0,0,0,1,0,0,0,0,0,1,45
1,0,0,69,69,0,0,0,0,1,0,0,0,0,0,1,45
1,0,0,69,69,0,0,0,0,1,0,0,0,0,0,1,45
1,0,0,96,96,0,0,0,0,1,0,0,0,0,0,1,45
1,0,0,72,72,0,0,0,0,1,0,0,0,0,0,1,45
1,0,0,97,97,0,0,0,0,1,0,0,0,0,0,1,45
1,0,0,79,79,0,0,0,0,1,0,0,0,0,0,1,45
1,0,0,74,74,0,0,0,0,1,0,0,0,0,0,1,45
1,0,0,100,100,0,0,0,0,1,0,0,0,0,0,1,45
1,0,0,68,68,0,0,0,0,1,0,0,0,0,0,1,45
1,0,0,69,69,0,0,0,0,1,0,0,0,0,0,1,45
1,0,0,67,67,0,0,0,0,1,0,0,0,0,0,1,45
1,0,0,83,83,0,0,0,0,1,0,0,0,0,0,1,45
1,0,0,80,80,0,0,0,0,1,0,0,0,0,0,1,45
1,0,0,100,100,0,0,0,0,1,0,0,0,0,0,1,45
1,0,0,94,94,0,0,0,0,1,0,0,0,0,0,1,45
1,0,0,90,90,0,0,0,0,1,0,0,0,0,0,1,45
1,0,0,100,100,0,0,0,0,1,0,0,0,0,0,1,45
1,0,0,94,94,0,0,0,0,1,0,0,0,0,0,1,45
1,0,0,96,96,0,0,0,0,1,0,0,0,0,0,1,45
1,0,0,65,65,0,0,0,0,1,0,0,0,0,0,1,45
1,0,0,92,92,0,0,0,0,1,0,0,0,0,0,1,45
1,0,0,76,76,0,0,0,0,1,0,0,0,0,0,1,45
1,0,0,72,72,0,0,0,0,1,0,0,0,0,0,1,45
1,0,0,74,74,0,0,0,0,1,0,0,0,0,0,1,45
1,0,0,92,92,0,0,0,0,1,0,0,0,0,0,1,45
1,0,0,99,99,0,0,0,0,1,0,0,0,0,0,1,45
1,0,0,100,100,0,0,0,0,1,0,0,0,0,0,1,45
1,0,0,73,73,0,0,0,0,1,0,0,0,0,0,1,45
1,81.5,90.5570516081695,91,90.5570516081695,2,2,0,0.18,1,0,0,0,0,0,1,45
1,0,0,80,80,0,0,0,0,1,0,0,0,0,0,1,45
1,0,0,87,87,0,0,0,0,1,0,0,0,0,0,1,45
1,0,0,66,66,0,0,0,0,1,0,0,0,0,0,1,45
1,0,0,83,83,0,0,0,0,1,0,0,0,0,0,1,45
1,0,0,67,67,0,0,0,0,1,0,0,0,0,0,1,45
1,0,0,92,92,0,0,0,0,1,0,0,0,0,0,1,45
1,0,0,63,63,0,0,0,0,1,0,0,0,0,0,1,45
1,0,0,93,93,0,0,0,0,1,0,0,0,0,0,1,45
1,0,0,64,64,0,0,0,0,1,0,0,0,0,0,1,45
1,0,0,92,92,0,0,0,0,1,0,0,0,0,0,1,45
1,0,0,97,97,0,0,0,0,1,0,0,0,0,0,1,45
1,0,0,85,85,0,0,0,0,1,0,0,0,0,0,1,45
1,0,0,100,100,0,0,0,0,1,0,0,0,0,0,1,45
1,0,0,87,87,0,0,0,0,1,0,0,0,0,0,1,45
1,0,0,87,87,0,0,0,0,1,0,0,0,0,0,1,45
1,0,0,100,100,0,0,0,0,1,0,0,0,0,0,1,45
1,0,0,94,94,0,0,0,0,1,0,0,0,0,0,1,45
1,0,0,79,79,0,0,0,0,1,0,0,0,0,0,1,45
1,0,0,98,98,0,0,0,0,1,0,0,0,0,0,1,45
1,0,0,69,69,0,0,0,0,1,0,0,0,0,0,1,45
1,0,0,93,93,0,0,0,0,1,0,0,0,0,0,1,45
1,0,0,81,81,0,0,0,0,1,0,0,0,0,0,1,45
1,0,0,87,87,0,0,0,0,1,0,0,0,0,0,1,45
1,0,0,67,67,0,0,0,0,1,0,0,0,0,0,1,45
1,0,0,95,95,0,0,0,0,1,0,0,0,0,0,1,45
1,0,0,85,85,0,0,0,0,1,0,0,0,0,0,1,45
1,0,0,87,87,0,0,0,0,1,0,0,0,0,0,1,45
1,80.5,80.7473117972183,95,80.7473117972183,1,6,0,0.28,1,0,0,0,0,0,1,45
1,0,0,88,88,0,0,0,0,1,0,0,0,0,0,1,45
1,0,0,87,87,0,0,0,0,1,0,0,0,0,0,1,45
1,0,0,82,82,0,0,0,0,1,0,0,0,0,0,1,45
1,0,0,89,89,0,0,0,0,1,0,0,0,0,0,1,45
1,0,0,73,73,0,0,0,0,1,0,0,0,0,0,1,45
2,0,0,93,93,0,0,0,0,1,0,0,0,0,0,1,44
2,0,0,100,100,0,0,0,0,1,0,0,0,0,0,1,44
2,65.5,65.5868144906346,85,65.5868144906346,1,4,0,0.28,1,0,0,0,0,0,1,44
2,0,0,64,64,0,0,0,0,1,0,0,0,0,0,1,44
2,89.5,90.230353791035,95,90.230353791035,4,6,0,0.14,1,0,0,0,0,0,1,44
2,0,0,87,87,0,0,0,0,1,0,0,0,0,0,1,44
2,0,0,100,100,0,0,0,0,1,0,0,0,0,0,1,44
2,0,0,93,93,0,0,0,0,1,0,0,0,0,0,1,44
2,0,0,100,100,0,0,0,0,1,0,0,0,0,0,1,44
2,0,0,100,100,0,0,0,0,1,0,0,0,0,0,1,44
2,0,0,94,94,0,0,0,0,1,0,0,0,0,0,1,44
2,0,0,93,93,0,0,0,0,1,0,0,0,0,0,1,44
2,97.5,100,100,100,2,1,0,0.18,1,0,0,0,0,0,1,44
2,0,0,93,93,0,0,0,0,1,0,0,0,0,0,1,44
2,0,0,94,94,0,0,0,0,1,0,0,0,0,0,1,44
2,0,0,99,99,0,0,0,0,1,0,0,0,0,0,1,44
2,0,0,94,94,0,0,0,0,1,0,0,0,0,0,1,44
2,0,0,100,100,0,0,0,0,1,0,0,0,0,0,1,44
2,0,0,96,96,0,0,0,0,1,0,0,0,0,0,1,44
2,0,0,79,79,0,0,0,0,1,0,0,0,0,0,1,44
2,0,0,85,85,0,0,0,0,1,0,0,0,0,0,1,44
2,0,0,97,97,0,0,0,0,1,0,0,0,0,0,1,44
2,0,0,83,83,0,0,0,0,1,0,0,0,0,0,1,44
2,0,0,100,100,0,0,0,0,1,0,0,0,0,0,1,44
2,0,0,98,98,0,0,0,0,1,0,0,0,0,0,1,44
2,0,0,100,100,0,0,0,0,1,0,0,0,0,0,1,44
2,0,0,84,84,0,0,0,0,1,0,0,0,0,0,1,44
2,0,0,100,100,0,0,0,0,1,0,0,0,0,0,1,44
2,0,0,90,90,0,0,0,0,1,0,0,0,0,0,1,44
2,0,0,100,100,0,0,0,0,1,0,0,0,0,0,1,44
2,0,0,84,84,0,0,0,0,1,0,0,0,0,0,1,44
2,0,0,97,97,0,0,0,0,1,0,0,0,0,0,1,44
2,0,0,99,99,0,0,0,0,1,0,0,0,0,0,1,44
2,0,0,100,100,0,0,0,0,1,0,0,0,0,0,1,44
2,0,0,100,100,0,0,0,0,1,0,0,0,0,0,1,44
2,0,0,81,81,0,0,0,0,1,0,0,0,0,0,1,44
2,0,0,97,97,0,0,0,0,1,0,0,0,0,0,1,44
2,0,0,100,100,0,0,0,0,1,0,0,0,0,0,1,44
2,0,0,91,91,0,0,0,0,1,0,0,0,0,0,1,44
2,0,0,67,67,0,0,0,0,1,0,0,0,0,0,1,44
2,0,0,90,90,0,0,0,0,1,0,0,0,0,0,1,44
2,0,0,99,99,0,0,0,0,1,0,0,0,0,0,1,44
2,0,0,84,84,0,0,0,0,1,0,0,0,0,0,1,44
2,0,0,99,99,0,0,0,0,1,0,0,0,0,0,1,44
2,0,0,100,100,0,0,0,0,1,0,0,0,0,0,1,44
2,0,0,97,97,0,0,0,0,1,0,0,0,0,0,1,44
2,0,0,65,65,0,0,0,0,1,0,0,0,0,0,1,44
2,93.5,93.5977585609863,98,93.5977585609863,2,6,0,0.14,1,0,0,0,0,0,1,44
2,0,0,76,76,0,0,0,0,1,0,0,0,0,0,1,44
2,100,0,100,100,2,1,0,0,1,1,0,0,0,0,1,44
2,0,0,87,87,0,0,0,0,1,0,0,0,0,0,1,44
2,0,0,96,96,0,0,0,0,1,0,0,0,0,0,1,44
2,0,0,100,100,0,0,0,0,1,0,0,0,0,0,1,44
2,0,0,97,97,0,0,0,0,1,0,0,0,0,0,1,44
2,0,0,100,100,0,0,0,0,1,0,0,0,0,0,1,44
2,0,0,89,89,0,0,0,0,1,0,0,0,0,0,1,44
2,0,0,100,100,0,0,0,0,1,0,0,0,0,0,1,44
2,0,0,82,82,0,0,0,0,1,0,0,0,0,0,1,44
2,72.5,77.2231756085842,100,77.2231756085842,2,1,0,0.18,1,0,0,0,0,0,1,44
2,94.5,100,100,100,2,1,0,0.18,1,0,0,0,0,0,1,44
2,0,0,91,91,0,0,0,0,1,0,0,0,0,0,1,44
2,0,0,90,90,0,0,0,0,1,0,0,0,0,0,1,44
2,0,0,100,100,0,0,0,0,1,0,0,0,0,0,1,44
2,0,0,100,100,0,0,0,0,1,0,0,0,0,0,1,44
2,0,0,92,92,0,0,0,0,1,0,0,0,0,0,1,44
2,0,0,99,99,0,0,0,0,1,0,0,0,0,0,1,44
2,0,0,76,76,0,0,0,0,1,0,0,0,0,0,1,44
2,0,0,94,94,0,0,0,0,1,0,0,0,0,0,1,44
2,0,0,74,74,0,0,0,0,1,0,0,0,0,0,1,44
2,0,0,79,79,0,0,0,0,1,0,0,0,0,0,1,44
2,0,0,100,100,0,0,0,0,1,0,0,0,0,0,1,44
2,0,0,98,98,0,0,0,0,1,0,0,0,0,0,1,44
2,0,0,74,74,0,0,0,0,1,0,0,0,0,0,1,44
2,0,0,90,90,0,0,0,0,1,0,0,0,0,0,1,44
2,0,0,87,87,0,0,0,0,1,0,0,0,0,0,1,44
2,0,0,98,98,0,0,0,0,1,0,0,0,0,0,1,44
2,0,0,92,92,0,0,0,0,1,0,0,0,0,0,1,44
2,0,0,95,95,0,0,0,0,1,0,0,0,0,0,1,44
2,0,0,98,98,0,0,0,0,1,0,0,0,0,0,1,44
2,0,0,99,99,0,0,0,0,1,0,0,0,0,0,1,44
2,0,0,66,66,0,0,0,0,1,0,0,0,0,0,1,44
2,0,0,75,75,0,0,0,0,1,0,0,0,0,0,1,44
1,70.5,71.1981147289142,78,71.1981147289142,2,6,0,0.14,0,0,0,0,0,0,0,33
1,0,0,91,91,0,0,0,0,0,0,0,0,0,0,0,33
1,0,0,94,94,0,0,0,0,0,0,0,0,0,0,0,33
1,0,0,94,94,0,0,0,0,0,0,0,0,0,0,0,33
1,0,0,64,64,0,0,0,0,0,0,0,0,0,0,0,33
1,0,0,93,93,0,0,0,0,0,0,0,0,0,0,0,33
1,0,0,77,77,0,0,0,0,0,0,0,0,0,0,0,33
1,0,0,90,90,0,0,0,0,0,0,0,0,0,0,0,33
1,0,0,76,76,0,0,0,0,0,0,0,0,0,0,0,33
1,0,0,77,77,0,0,0,0,0,0,0,0,0,0,0,33
1,0,0,61,61,0,0,0,0,0,0,0,0,0,0,0,33
1,0,0,93,93,0,0,0,0,0,0,0,0,0,0,0,33
1,0,0,95,95,0,0,0,0,0,0,0,0,0,0,0,33
1,0,0,72,72,0,0,0,0,0,0,0,0,0,0,0,33
1,0,0,80,80,0,0,0,0,0,0,0,0,0,0,0,33
1,0,0,94,94,0,0,0,0,0,0,0,0,0,0,0,33
1,0,0,61,61,0,0,0,0,0,0,0,0,0,0,0,33
1,87.5,87.6149800043645,90,87.6149800043645,4,6,0,0.14,0,0,0,0,0,0,0,33
1,0,0,80,80,0,0,0,0,0,0,0,0,0,0,0,33
1,0,0,89,89,0,0,0,0,0,0,0,0,0,0,0,33
1,0,0,97,97,0,0,0,0,0,0,0,0,0,0,0,33
1,0,0,91,91,0,0,0,0,0,0,0,0,0,0,0,33
1,0,0,100,100,0,0,0,0,0,0,0,0,0,0,0,33
1,0,0,98,98,0,0,0,0,0,0,0,0,0,0,0,33
1,0,0,65,65,0,0,0,0,0,0,0,0,0,0,0,33
1,0,0,91,91,0,0,0,0,0,0,0,0,0,0,0,33
1,79.5,79.5554108966879,92,79.5554108966879,4,6,0,0.14,0,0,0,0,0,0,0,33
1,0,0,82,82,0,0,0,0,0,0,0,0,0,0,0,33
1,0,0,96,96,0,0,0,0,0,0,0,0,0,0,0,33
1,0,0,61,61,0,0,0,0,0,0,0,0,0,0,0,33
1,0,0,68,68,0,0,0,0,0,0,0,0,0,0,0,33
1,0,0,83,83,0,0,0,0,0,0,0,0,0,0,0,33
1,0,0,72,72,0,0,0,0,0,0,0,0,0,0,0,33
1,0,0,95,95,0,0,0,0,0,0,0,0,0,0,0,33
1,0,0,77,77,0,0,0,0,0,0,0,0,0,0,0,33
1,0,0,88,88,0,0,0,0,0,0,0,0,0,0,0,33
1,0,0,100,100,0,0,0,0,0,0,0,0,0,0,0,33
1,0,0,95,95,0,0,0,0,0,0,0,0,0,0,0,33
1,0,0,85,85,0,0,0,0,0,0,0,0,0,0,0,33
1,0,0,89,89,0,0,0,0,0,0,0,0,0,0,0,33
1,0,0,66,66,0,0,0,0,0,0,0,0,0,0,0,33
1,83.5,84.1834224376295,84,84,1,6,0,0,0,0,0,0,0,0,0,33
1,0,0,76,76,0,0,0,0,0,0,0,0,0,0,0,33
1,0,0,91,91,0,0,0,0,0,0,0,0,0,0,0,33
1,0,0,95,95,0,0,0,0,0,0,0,0,0,0,0,33
1,0,0,78,78,0,0,0,0,0,0,0,0,0,0,0,33
1,0,0,77,77,0,0,0,0,0,0,0,0,0,0,0,33
1,0,0,76,76,0,0,0,0,0,0,0,0,0,0,0,33
1,0,0,91,91,0,0,0,0,0,0,0,0,0,0,0,33
1,0,0,83,83,0,0,0,0,0,0,0,0,0,0,0,33
1,0,0,91,91,0,0,0,0,0,0,0,0,0,0,0,33
1,0,0,71,71,0,0,0,0,0,0,0,0,0,0,0,33
1,81.5,81.7442030032905,83,81.7442030032905,2,6,0,0.28,0,0,0,0,0,0,0,33
1,0,0,77,77,0,0,0,0,0,0,0,0,0,0,0,33
1,0,0,91,91,0,0,0,0,0,0,0,0,0,0,0,33
1,0,0,80,80,0,0,0,0,0,0,0,0,0,0,0,33
1,0,0,100,100,0,0,0,0,0,0,0,0,0,0,0,33
1,0,0,81,81,0,0,0,0,0,0,0,0,0,0,0,33
1,0,0,79,79,0,0,0,0,0,0,0,0,0,0,0,33
1,0,0,83,83,0,0,0,0,0,0,0,0,0,0,0,33
1,0,0,77,77,0,0,0,0,0,0,0,0,0,0,0,33
1,0,0,82,82,0,0,0,0,0,0,0,0,0,0,0,33
1,0,0,70,70,0,0,0,0,0,0,0,0,0,0,0,33
1,0,0,62,62,0,0,0,0,0,0,0,0,0,0,0,33
1,0,0,100,100,0,0,0,0,0,0,0,0,0,0,0,33
1,0,0,94,94,0,0,0,0,0,0,0,0,0,0,0,33
1,0,0,76,76,0,0,0,0,0,0,0,0,0,0,0,33
1,0,0,75,75,0,0,0,0,0,0,0,0,0,0,0,33
1,0,0,100,100,0,0,0,0,0,0,0,0,0,0,0,33
1,0,0,80,80,0,0,0,0,0,0,0,0,0,0,0,33
1,0,0,74,74,0,0,0,0,0,0,0,0,0,0,0,33
1,0,0,88,88,0,0,0,0,0,0,0,0,0,0,0,33
1,0,0,77,77,0,0,0,0,0,0,0,0,0,0,0,33
1,0,0,88,88,0,0,0,0,0,0,0,0,0,0,0,33
1,0,0,73,73,0,0,0,0,0,0,0,0,0,0,0,33
1,0,0,84,84,0,0,0,0,0,0,0,0,0,0,0,33
1,0,0,89,89,0,0,0,0,0,0,0,0,0,0,0,33
1,0,0,73,73,0,0,0,0,0,0,0,0,0,0,0,33
1,0,0,71,71,0,0,0,0,0,0,0,0,0,0,0,33
1,0,0,77,77,0,0,0,0,0,0,0,0,0,0,0,33
1,0,0,73,73,0,0,0,0,0,0,0,0,0,0,0,33
1,0,0,70,70,0,0,0,0,0,0,0,0,0,0,0,33
1,0,0,85,85,0,0,0,0,0,0,0,0,0,0,0,33
1,0,0,100,100,0,0,0,0,0,0,0,0,0,0,0,33
1,0,0,89,89,0,0,0,0,0,0,0,0,0,0,0,33
1,0,0,65,65,0,0,0,0,0,0,0,0,0,0,0,33
1,0,0,63,63,0,0,0,0,0,0,0,0,0,0,0,33
1,0,0,89,89,0,0,0,0,0,0,0,0,0,0,0,33
1,0,0,83,83,0,0,0,0,0,0,0,0,0,0,0,39
1,0,0,88,88,0,0,0,0,0,0,0,0,0,0,0,39
1,0,0,89,89,0,0,0,0,0,0,0,0,0,0,0,39
1,0,0,88,88,0,0,0,0,0,0,0,0,0,0,0,39
1,0,0,94,94,0,0,0,0,0,0,0,0,0,0,0,39
1,0,0,94,94,0,0,0,0,0,0,0,0,0,0,0,39
1,0,0,88,88,0,0,0,0,0,0,0,0,0,0,0,39
1,0,0,100,100,0,0,0,0,0,0,0,0,0,0,0,39
1,0,0,78,78,0,0,0,0,0,0,0,0,0,0,0,39
1,0,0,77,77,0,0,0,0,0,0,0,0,0,0,0,39
1,0,0,97,97,0,0,0,0,0,0,0,0,0,0,0,39
1,0,0,84,84,0,0,0,0,0,0,0,0,0,0,0,39
1,0,0,71,71,0,0,0,0,0,0,0,0,0,0,0,39
1,0,0,86,86,0,0,0,0,0,0,0,0,0,0,0,39
1,0,0,74,74,0,0,0,0,0,0,0,0,0,0,0,39
1,0,0,97,97,0,0,0,0,0,0,0,0,0,0,0,39
1,0,0,100,100,0,0,0,0,0,0,0,0,0,0,0,39
1,0,0,74,74,0,0,0,0,0,0,0,0,0,0,0,39
1,0,0,100,100,0,0,0,0,0,0,0,0,0,0,0,39
1,0,0,90,90,0,0,0,0,0,0,0,0,0,0,0,39
1,0,0,88,88,0,0,0,0,0,0,0,0,0,0,0,39
1,0,0,82,82,0,0,0,0,0,0,0,0,0,0,0,39
1,0,0,79,79,0,0,0,0,0,0,0,0,0,0,0,39
1,0,0,91,91,0,0,0,0,0,0,0,0,0,0,0,39
1,0,0,85,85,0,0,0,0,0,0,0,0,0,0,0,39
1,0,0,80,80,0,0,0,0,0,0,0,0,0,0,0,39
1,0,0,81,81,0,0,0,0,0,0,0,0,0,0,0,39
1,0,0,87,87,0,0,0,0,0,0,0,0,0,0,0,39
1,0,0,75,75,0,0,0,0,0,0,0,0,0,0,0,39
1,0,0,97,97,0,0,0,0,0,0,0,0,0,0,0,39
1,0,0,87,87,0,0,0,0,0,0,0,0,0,0,0,39
1,0,0,100,100,0,0,0,0,0,0,0,0,0,0,0,39
1,69.5,70.8097164080799,73,70.8097164080799,2,6,0,0.28,0,0,0,0,0,0,0,39
1,0,0,82,82,0,0,0,0,0,0,0,0,0,0,0,39
1,0,0,91,91,0,0,0,0,0,0,0,0,0,0,0,39
1,0,0,82,82,0,0,0,0,0,0,0,0,0,0,0,39
1,0,0,91,91,0,0,0,0,0,0,0,0,0,0,0,39
1,0,0,94,94,0,0,0,0,0,0,0,0,0,0,0,39
1,0,0,92,92,0,0,0,0,0,0,0,0,0,0,0,39
1,0,0,100,100,0,0,0,0,0,0,0,0,0,0,0,39
1,0,0,91,91,0,0,0,0,0,0,0,0,0,0,0,39
1,0,0,86,86,0,0,0,0,0,0,0,0,0,0,0,39
1,0,0,100,100,0,0,0,0,0,0,0,0,0,0,0,39
1,0,0,91,91,0,0,0,0,0,0,0,0,0,0,0,39
1,0,0,81,81,0,0,0,0,0,0,0,0,0,0,0,39
1,0,0,89,89,0,0,0,0,0,0,0,0,0,0,0,39
1,0,0,88,88,0,0,0,0,0,0,0,0,0,0,0,39
1,0,0,94,94,0,0,0,0,0,0,0,0,0,0,0,39
1,0,0,90,90,0,0,0,0,0,0,0,0,0,0,0,39
1,0,0,85,85,0,0,0,0,0,0,0,0,0,0,0,39
1,0,0,87,87,0,0,0,0,0,0,0,0,0,0,0,39
1,0,0,85,85,0,0,0,0,0,0,0,0,0,0,0,39
1,80.5,80.5908926411736,95,80.5908926411736,4,6,0,0.28,0,0,0,0,0,0,0,39
1,0,0,98,98,0,0,0,0,0,0,0,0,0,0,0,39
1,0,0,85,85,0,0,0,0,0,0,0,0,0,0,0,39
1,0,0,90,90,0,0,0,0,0,0,0,0,0,0,0,39
1,0,0,85,85,0,0,0,0,0,0,0,0,0,0,0,39
1,0,0,86,86,0,0,0,0,0,0,0,0,0,0,0,39
1,88.5,88.5607055353963,98,88.5607055353963,2,6,0,0.28,0,0,0,0,0,0,0,39
1,0,0,84,84,0,0,0,0,0,0,0,0,0,0,0,39
1,0,0,96,96,0,0,0,0,0,0,0,0,0,0,0,39
1,0,0,88,88,0,0,0,0,0,0,0,0,0,0,0,39
1,0,0,100,100,0,0,0,0,0,0,0,0,0,0,0,39
1,0,0,98,98,0,0,0,0,0,0,0,0,0,0,0,39
1,0,0,93,93,0,0,0,0,0,0,0,0,0,0,0,39
1,0,0,96,96,0,0,0,0,0,0,0,0,0,0,0,39
1,0,0,99,99,0,0,0,0,0,0,0,0,0,0,0,39
1,0,0,80,80,0,0,0,0,0,0,0,0,0,0,0,30
1,0,0,64,64,0,0,0,0,0,0,0,0,0,0,0,30
1,0,0,73,73,0,0,0,0,0,0,0,0,0,0,0,30
1,0,0,60,60,0,0,0,0,0,0,0,0,0,0,0,30
1,0,0,66,66,0,0,0,0,0,0,0,0,0,0,0,30
1,0,0,67,67,0,0,0,0,0,0,0,0,0,0,0,30
1,0,0,68,68,0,0,0,0,0,0,0,0,0,0,0,30
1,0,0,61,61,0,0,0,0,0,0,0,0,0,0,0,30
1,0,0,83,83,0,0,0,0,0,0,0,0,0,0,0,30
1,0,0,84,84,0,0,0,0,0,0,0,0,0,0,0,30
1,0,0,77,77,0,0,0,0,0,0,0,0,0,0,0,30
1,0,0,71,71,0,0,0,0,0,0,0,0,0,0,0,30
1,0,0,65,65,0,0,0,0,0,0,0,0,0,0,0,30
1,0,0,91,91,0,0,0,0,0,0,0,0,0,0,0,30
1,0,0,61,61,0,0,0,0,0,0,0,0,0,0,0,30
1,0,0,61,61,0,0,0,0,0,0,0,0,0,0,0,30
1,0,0,94,94,0,0,0,0,0,0,0,0,0,0,0,30
1,0,0,81,81,0,0,0,0,0,0,0,0,0,0,0,30
1,0,0,64,64,0,0,0,0,0,0,0,0,0,0,0,30
1,0,0,86,86,0,0,0,0,0,0,0,0,0,0,0,30
1,0,0,89,89,0,0,0,0,0,0,0,0,0,0,0,30
1,0,0,90,90,0,0,0,0,0,0,0,0,0,0,0,30
1,0,0,76,76,0,0,0,0,0,0,0,0,0,0,0,30
1,0,0,81,81,0,0,0,0,0,0,0,0,0,0,0,30
1,0,0,72,72,0,0,0,0,0,0,0,0,0,0,0,30
1,0,0,81,81,0,0,0,0,0,0,0,0,0,0,0,30
1,0,0,72,72,0,0,0,0,0,0,0,0,0,0,0,30
1,0,0,83,83,0,0,0,0,0,0,0,0,0,0,0,30
1,0,0,76,76,0,0,0,0,0,0,0,0,0,0,0,30
1,0,0,82,82,0,0,0,0,0,0,0,0,0,0,0,30
1,0,0,80,80,0,0,0,0,0,0,0,0,0,0,0,30
1,0,0,85,85,0,0,0,0,0,0,0,0,0,0,0,30
1,0,0,86,86,0,0,0,0,0,0,0,0,0,0,0,30
1,0,0,92,92,0,0,0,0,0,0,0,0,0,0,0,30
1,0,0,79,79,0,0,0,0,0,0,0,0,0,0,0,30
1,0,0,90,90,0,0,0,0,0,0,0,0,0,0,0,30
1,0,0,80,80,0,0,0,0,0,0,0,0,0,0,0,30
1,0,0,81,81,0,0,0,0,0,0,0,0,0,0,0,30
1,0,0,91,91,0,0,0,0,0,0,0,0,0,0,0,30
1,0,0,76,76,0,0,0,0,0,0,0,0,0,0,0,30
1,0,0,85,85,0,0,0,0,0,0,0,0,0,0,0,30
1,0,0,86,86,0,0,0,0,0,0,0,0,0,0,0,30
1,0,0,60,60,0,0,0,0,0,0,0,0,0,0,0,30
1,0,0,83,83,0,0,0,0,0,0,0,0,0,0,0,30
1,0,0,66,66,0,0,0,0,0,0,0,0,0,0,0,30
1,0,0,80,80,0,0,0,0,0,0,0,0,0,0,0,30
1,0,0,63,63,0,0,0,0,0,0,0,0,0,0,0,30
1,0,0,70,70,0,0,0,0,0,0,0,0,0,0,0,30
1,0,0,65,65,0,0,0,0,0,0,0,0,0,0,0,30
1,0,0,66,66,0,0,0,0,0,0,0,0,0,0,0,30
1,0,0,60,60,0,0,0,0,0,0,0,0,0,0,0,30
1,0,0,79,79,0,0,0,0,0,0,0,0,0,0,0,30
1,0,0,87,87,0,0,0,0,0,0,0,0,0,0,0,30
1,0,0,69,69,0,0,0,0,0,0,0,0,0,0,0,30
1,0,0,61,61,0,0,0,0,0,0,0,0,0,0,0,30
1,0,0,93,93,0,0,0,0,0,0,0,0,0,0,0,30
1,0,0,88,88,0,0,0,0,0,0,0,0,0,0,0,30
1,0,0,81,81,0,0,0,0,0,0,0,0,0,0,0,30
1,0,0,84,84,0,0,0,0,0,0,0,0,0,0,0,30
1,0,0,80,80,0,0,0,0,0,0,0,0,0,0,0,30
1,0,0,60,60,0,0,0,0,0,0,0,0,0,0,0,30
1,0,0,84,84,0,0,0,0,0,0,0,0,0,0,0,30
1,0,0,72,72,0,0,0,0,0,0,0,0,0,0,0,30
1,0,0,86,86,0,0,0,0,0,0,0,0,0,0,0,30
1,0,0,94,94,0,0,0,0,0,0,0,0,0,0,0,30
1,0,0,78,78,0,0,0,0,0,0,0,0,0,0,0,30
1,0,0,86,86,0,0,0,0,0,0,0,0,0,0,0,30
1,0,0,91,91,0,0,0,0,0,0,0,0,0,0,0,30
1,0,0,65,65,0,0,0,0,0,0,0,0,0,0,0,30
1,0,0,84,84,0,0,0,0,0,0,0,0,0,0,0,30
1,0,0,82,82,0,0,0,0,0,0,0,0,0,0,0,30
1,0,0,76,76,0,0,0,0,0,0,0,0,0,0,0,30
1,0,0,65,65,0,0,0,0,0,0,0,0,0,0,0,30
1,0,0,73,73,0,0,0,0,0,0,0,0,0,0,0,30
1,0,0,90,90,0,0,0,0,0,0,0,0,0,0,0,30
1,0,0,90,90,0,0,0,0,0,0,0,0,0,0,0,30
1,0,0,89,89,0,0,0,0,0,0,0,0,0,0,0,30
1,0,0,75,75,0,0,0,0,0,0,0,0,0,0,0,30
1,0,0,76,76,0,0,0,0,0,0,0,0,0,0,0,30
1,86.5,88.2050381724161,92,88.2050381724161,2,5,0,0.18,0,0,0,0,0,0,0,30
1,0,0,70,70,0,0,0,0,0,0,0,0,0,0,0,30
1,0,0,80,80,0,0,0,0,0,0,0,0,0,0,0,30
1,0,0,66,66,0,0,0,0,0,0,0,0,0,0,0,30
1,0,0,77,77,0,0,0,0,0,0,0,0,0,0,0,30
1,89.5,91.7769857041545,91,91,2,6,0,0.28,0,0,0,0,0,0,0,30
1,0,0,60,60,0,0,0,0,0,0,0,0,0,0,0,30
1,0,0,88,88,0,0,0,0,0,0,0,0,0,0,0,30
1,0,0,70,70,0,0,0,0,0,0,0,0,0,0,0,30
1,0,0,63,63,0,0,0,0,0,0,0,0,0,0,0,30
1,0,0,74,74,0,0,0,0,0,0,0,0,0,0,0,30
1,0,0,89,89,0,0,0,0,0,0,0,0,0,0,0,30
1,0,0,82,82,0,0,0,0,0,0,0,0,0,0,0,30
1,0,0,79,79,0,0,0,0,0,0,0,0,0,0,0,30
1,0,0,92,92,0,0,0,0,0,0,0,0,0,0,0,30
1,0,0,87,87,0,0,0,0,0,0,0,0,0,0,0,30
1,0,0,77,77,0,0,0,0,0,0,0,0,0,0,0,30
1,0,0,65,65,0,0,0,0,0,0,0,0,0,0,0,30
1,0,0,75,75,0,0,0,0,0,0,0,0,0,0,0,30
1,0,0,61,61,0,0,0,0,0,0,0,0,0,0,0,30
1,0,0,65,65,0,0,0,0,0,0,0,0,0,0,0,30
1,0,0,75,75,0,0,0,0,0,0,0,0,0,0,0,30
1,0,0,79,79,0,0,0,0,0,0,0,0,0,0,0,30
1,0,0,67,67,0,0,0,0,0,0,0,0,0,0,0,30
1,0,0,91,91,0,0,0,0,0,0,0,0,0,0,0,30
1,0,0,84,84,0,0,0,0,0,0,0,0,0,0,0,30
1,0,0,76,76,0,0,0,0,0,0,0,0,0,0,0,30
1,0,0,83,83,0,0,0,0,0,0,0,0,0,0,0,30
1,0,0,84,84,0,0,0,0,0,0,0,0,0,0,0,30
1,0,0,73,73,0,0,0,0,0,0,0,0,0,0,0,30
1,0,0,65,65,0,0,0,0,0,0,0,0,0,0,0,30
1,0,0,89,89,0,0,0,0,0,0,0,0,0,0,0,30
1,0,0,91,91,0,0,0,0,0,0,0,0,0,0,0,30
1,0,0,83,83,0,0,0,0,0,0,0,0,0,0,0,30
1,0,0,73,73,0,0,0,0,0,0,0,0,0,0,0,30
1,0,0,95,95,0,0,0,0,0,0,0,0,0,0,0,30
1,0,0,81,81,0,0,0,0,0,0,0,0,0,0,0,30
1,0,0,88,88,0,0,0,0,0,0,0,0,0,0,0,30
1,0,0,74,74,0,0,0,0,0,0,0,0,0,0,0,30
1,0,0,72,72,0,0,0,0,0,0,0,0,0,0,0,30
1,0,0,89,89,0,0,0,0,0,0,0,0,0,0,0,30
1,0,0,79,79,0,0,0,0,0,0,0,0,0,0,0,30
1,0,0,76,76,0,0,0,0,0,0,0,0,0,0,0,30
1,0,0,87,87,0,0,0,0,0,0,0,0,0,0,0,30
1,0,0,85,85,0,0,0,0,0,0,0,0,0,0,0,30
1,0,0,87,87,0,0,0,0,0,0,0,0,0,0,0,30
1,0,0,87,87,0,0,0,0,0,0,0,0,0,0,0,30
1,0,0,80,80,0,0,0,0,0,0,0,0,0,0,0,30
1,0,0,75,75,0,0,0,0,0,0,0,0,0,0,0,30
1,0,0,64,64,0,0,0,0,0,0,0,0,0,0,0,30
1,0,0,65,65,0,0,0,0,0,0,0,0,0,0,0,30
1,0,0,85,85,0,0,0,0,0,0,0,0,0,0,0,30
1,0,0,73,73,0,0,0,0,0,0,0,0,0,0,0,30
1,0,0,80,80,0,0,0,0,0,0,0,0,0,0,0,30
1,0,0,69,69,0,0,0,0,0,0,0,0,0,0,0,30
1,0,0,82,82,0,0,0,0,0,0,0,0,0,0,0,30
1,0,0,85,85,0,0,0,0,0,0,0,0,0,0,0,30
1,0,0,65,65,0,0,0,0,0,0,0,0,0,0,0,30
1,0,0,81,81,0,0,0,0,0,0,0,0,0,0,0,30
1,0,0,86,86,0,0,0,0,0,0,0,0,0,0,0,30
1,0,0,67,67,0,0,0,0,0,0,0,0,0,0,0,30
1,0,0,72,72,0,0,0,0,0,0,0,0,0,0,0,30
1,0,0,79,79,0,0,0,0,0,0,0,0,0,0,0,30
1,0,0,90,90,0,0,0,0,0,0,0,0,0,0,0,30
1,0,0,63,63,0,0,0,0,0,0,0,0,0,0,0,30
1,0,0,66,66,0,0,0,0,0,0,0,0,0,0,0,30
1,0,0,90,90,0,0,0,0,0,0,0,0,0,0,0,30
1,0,0,83,83,0,0,0,0,0,0,0,0,0,0,0,30
1,0,0,89,89,0,0,0,0,0,0,0,0,0,0,0,30
1,0,0,70,70,0,0,0,0,0,0,0,0,0,0,0,30
1,0,0,88,88,0,0,0,0,0,0,0,0,0,0,0,30
1,0,0,69,69,0,0,0,0,0,0,0,0,0,0,0,30
1,0,0,93,93,0,0,0,0,0,0,0,0,0,0,0,30
1,85.5,100,87,87,2,1,0,0.18,0,0,0,0,0,0,0,30
1,0,0,78,78,0,0,0,0,0,0,0,0,0,0,0,30
1,0,0,76,76,0,0,0,0,0,0,0,0,0,0,0,30
1,0,0,71,71,0,0,0,0,0,0,0,0,0,0,0,30
1,0,0,82,82,0,0,0,0,0,0,0,0,0,0,0,30
1,0,0,94,94,0,0,0,0,0,0,0,0,0,0,0,30
1,0,0,77,77,0,0,0,0,0,0,0,0,0,0,0,30
1,0,0,80,80,0,0,0,0,0,0,0,0,0,0,0,30
1,0,0,82,82,0,0,0,0,0,0,0,0,0,0,0,30
1,0,0,62,62,0,0,0,0,0,0,0,0,0,0,0,30
1,0,0,94,94,0,0,0,0,0,0,0,0,0,0,0,30
1,0,0,65,65,0,0,0,0,0,0,0,0,0,0,0,30
1,0,0,76,76,0,0,0,0,0,0,0,0,0,0,0,30
1,0,0,80,80,0,0,0,0,0,0,0,0,0,0,0,30
1,0,0,80,80,0,0,0,0,0,0,0,0,0,0,0,30
1,0,0,63,63,0,0,0,0,0,0,0,0,0,0,0,30
1,0,0,65,65,0,0,0,0,0,0,0,0,0,0,0,30
1,0,0,72,72,0,0,0,0,0,0,0,0,0,0,0,30
1,0,0,86,86,0,0,0,0,0,0,0,0,0,0,0,30
1,0,0,81,81,0,0,0,0,0,0,0,0,0,0,0,30
1,0,0,80,80,0,0,0,0,0,0,0,0,0,0,0,30
1,0,0,89,89,0,0,0,0,0,0,0,0,0,0,0,30
1,0,0,67,67,0,0,0,0,0,0,0,0,0,0,0,30
1,0,0,72,72,0,0,0,0,0,0,0,0,0,0,0,30
1,0,0,66,66,0,0,0,0,0,0,0,0,0,0,0,30
1,0,0,66,66,0,0,0,0,0,0,0,0,0,0,0,30
1,0,0,89,89,0,0,0,0,0,0,0,0,0,0,0,30
1,0,0,95,95,0,0,0,0,0,0,0,0,0,0,0,30
1,0,0,73,73,0,0,0,0,0,0,0,0,0,0,0,30
1,0,0,80,80,0,0,0,0,0,0,0,0,0,0,0,30
1,0,0,88,88,0,0,0,0,0,0,0,0,0,0,0,30
1,0,0,71,71,0,0,0,0,0,0,0,0,0,0,0,30
1,0,0,81,81,0,0,0,0,0,0,0,0,0,0,0,30
1,0,0,91,91,0,0,0,0,0,0,0,0,0,0,0,30
1,0,0,76,76,0,0,0,0,0,0,0,0,0,0,0,30
1,0,0,85,85,0,0,0,0,0,0,0,0,0,0,0,30
1,0,0,94,94,0,0,0,0,0,0,0,0,0,0,0,30
1,0,0,100,100,0,0,0,0,0,0,0,0,0,0,0,30
1,0,0,86,86,0,0,0,0,0,0,0,0,0,0,0,30
1,0,0,87,87,0,0,0,0,0,0,0,0,0,0,0,30
1,0,0,78,78,0,0,0,0,0,0,0,0,0,0,0,30
1,0,0,73,73,0,0,0,0,0,0,0,0,0,0,0,30
1,0,0,84,84,0,0,0,0,0,0,0,0,0,0,0,30
1,0,0,94,94,0,0,0,0,0,0,0,0,0,0,0,30
1,0,0,82,82,0,0,0,0,0,0,0,0,0,0,0,30
1,0,0,77,77,0,0,0,0,0,0,0,0,0,0,0,30
1,0,0,77,77,0,0,0,0,0,0,0,0,0,0,0,30
1,0,0,80,80,0,0,0,0,0,0,0,0,0,0,0,30
1,0,0,87,87,0,0,0,0,0,0,0,0,0,0,0,30
1,0,0,66,66,0,0,0,0,0,0,0,0,0,0,0,30
1,0,0,77,77,0,0,0,0,0,0,0,0,0,0,0,30
1,0,0,79,79,0,0,0,0,0,0,0,0,0,0,0,30
1,0,0,100,100,0,0,0,0,0,0,0,0,0,0,0,30
1,0,0,70,70,0,0,0,0,0,0,0,0,0,0,0,30
1,0,0,85,85,0,0,0,0,0,0,0,0,0,0,0,30
1,0,0,88,88,0,0,0,0,0,0,0,0,0,0,0,30
1,0,0,89,89,0,0,0,0,0,0,0,0,0,0,0,30
1,0,0,73,73,0,0,0,0,0,0,0,0,0,0,0,30
1,0,0,77,77,0,0,0,0,0,0,0,0,0,0,0,30
1,0,0,85,85,0,0,0,0,0,0,0,0,0,0,0,30
2,0,0,100,100,0,0,0,0,1,0,0,0,0,0,1,50
2,0,0,100,100,0,0,0,0,1,0,0,0,0,0,1,50
2,0,0,100,100,0,0,0,0,1,0,0,0,0,0,1,50
2,0,0,87,87,0,0,0,0,1,0,0,0,0,0,1,50
2,0,0,87,87,0,0,0,0,1,0,0,0,0,0,1,50
2,0,0,89,89,0,0,0,0,1,0,0,0,0,0,1,50
2,0,0,98,98,0,0,0,0,1,0,0,0,0,0,1,50
2,0,0,89,89,0,0,0,0,1,0,0,0,0,0,1,50
2,0,0,97,97,0,0,0,0,1,0,0,0,0,0,1,50
2,0,0,93,93,0,0,0,0,1,0,0,0,0,0,1,50
2,0,0,91,91,0,0,0,0,1,0,0,0,0,0,1,50
2,0,0,100,100,0,0,0,0,1,0,0,0,0,0,1,50
2,0,0,88,88,0,0,0,0,1,0,0,0,0,0,1,50
2,0,0,100,100,0,0,0,0,1,0,0,0,0,0,1,50
2,0,0,100,100,0,0,0,0,1,0,0,0,0,0,1,50
2,0,0,87,87,0,0,0,0,1,0,0,0,0,0,1,50
2,0,0,100,100,0,0,0,0,1,0,0,0,0,0,1,50
2,0,0,76,76,0,0,0,0,1,0,0,0,0,0,1,50
2,0,0,90,90,0,0,0,0,1,0,0,0,0,0,1,50
2,0,0,100,100,0,0,0,0,1,0,0,0,0,0,1,50
2,0,0,87,87,0,0,0,0,1,0,0,0,0,0,1,50
2,0,0,95,95,0,0,0,0,1,0,0,0,0,0,1,50
2,0,0,83,83,0,0,0,0,1,0,0,0,0,0,1,50
2,0,0,100,100,0,0,0,0,1,0,0,0,0,0,1,50
2,0,0,100,100,0,0,0,0,1,0,0,0,0,0,1,50
2,0,0,85,85,0,0,0,0,1,0,0,0,0,0,1,50
2,0,0,99,99,0,0,0,0,1,0,0,0,0,0,1,50
2,0,0,91,91,0,0,0,0,1,0,0,0,0,0,1,50
2,0,0,92,92,0,0,0,0,1,0,0,0,0,0,1,50
2,0,0,93,93,0,0,0,0,1,0,0,0,0,0,1,50
2,0,0,94,94,0,0,0,0,1,0,0,0,0,0,1,50
2,0,0,100,100,0,0,0,0,1,0,0,0,0,0,1,50
2,0,0,86,86,0,0,0,0,1,0,0,0,0,0,1,50
2,0,0,100,100,0,0,0,0,1,0,0,0,0,0,1,50
2,0,0,82,82,0,0,0,0,1,0,0,0,0,0,1,50
2,0,0,90,90,0,0,0,0,1,0,0,0,0,0,1,50
2,0,0,100,100,0,0,0,0,1,0,0,0,0,0,1,50
2,80.5,82.8763634031197,87,82.8763634031197,1,1,0,0.18,1,0,1,2.37636340311975,0,0,1,50
2,0,0,88,88,0,0,0,0,1,0,0,0,0,0,1,50
2,0,0,90,90,0,0,0,0,1,0,0,0,0,0,1,50
2,0,0,100,100,0,0,0,0,1,0,0,0,0,0,1,50
2,0,0,97,97,0,0,0,0,1,0,0,0,0,0,1,50
2,0,0,97,97,0,0,0,0,1,0,0,0,0,0,1,50
2,0,0,99,99,0,0,0,0,1,0,0,0,0,0,1,50
2,92.5,98.327763075636,94,94,2,3,0,0.28,1,0,0,0,0,0,1,50
2,0,0,100,100,0,0,0,0,1,0,0,0,0,0,1,50
2,0,0,87,87,0,0,0,0,1,0,0,0,0,0,1,50
2,87,0,87,87,2,1,0,0,1,1,0,0,0,0,1,50
2,0,0,92,92,0,0,0,0,1,0,0,0,0,0,1,50
2,0,0,96,96,0,0,0,0,1,0,0,0,0,0,1,50
2,92,0,92,92,2,1,0,0,1,1,0,0,0,0,1,50
2,0,0,100,100,0,0,0,0,1,0,0,0,0,0,1,50
2,0,0,93,93,0,0,0,0,1,0,0,0,0,0,1,50
2,0,0,100,100,0,0,0,0,1,0,0,0,0,0,1,50
2,0,0,77,77,0,0,0,0,1,0,0,0,0,0,1,50
2,0,0,97,97,0,0,0,0,1,0,0,0,0,0,1,50
2,0,0,93,93,0,0,0,0,1,0,0,0,0,0,1,50
2,0,0,89,89,0,0,0,0,1,0,0,0,0,0,1,50
2,0,0,100,100,0,0,0,0,1,0,0,0,0,0,1,50
2,0,0,85,85,0,0,0,0,1,0,0,0,0,0,1,50
2,0,0,100,100,0,0,0,0,1,0,0,0,0,0,1,50
2,0,0,83,83,0,0,0,0,1,0,0,0,0,0,1,50
2,0,0,82,82,0,0,0,0,1,0,0,0,0,0,1,50
2,92.5,93.1834075909749,100,93.1834075909749,2,6,0,0.14,1,0,0,0,0,0,1,50
2,0,0,91,91,0,0,0,0,1,0,0,0,0,0,1,50
2,0,0,91,91,0,0,0,0,1,0,0,0,0,0,1,50
2,0,0,80,80,0,0,0,0,1,0,0,0,0,0,1,50
2,0,0,100,100,0,0,0,0,1,0,0,0,0,0,1,50
2,0,0,89,89,0,0,0,0,0,0,0,0,0,0,0,46
2,0,0,100,100,0,0,0,0,0,0,0,0,0,0,0,46
2,0,0,85,85,0,0,0,0,0,0,0,0,0,0,0,46
2,0,0,97,97,0,0,0,0,0,0,0,0,0,0,0,46
2,0,0,100,100,0,0,0,0,0,0,0,0,0,0,0,46
2,0,0,86,86,0,0,0,0,0,0,0,0,0,0,0,46
2,0,0,100,100,0,0,0,0,0,0,0,0,0,0,0,46
2,0,0,100,100,0,0,0,0,0,0,0,0,0,0,0,46
2,0,0,89,89,0,0,0,0,0,0,0,0,0,0,0,46
2,0,0,84,84,0,0,0,0,0,0,0,0,0,0,0,46
2,0,0,100,100,0,0,0,0,0,0,0,0,0,0,0,46
2,0,0,100,100,0,0,0,0,0,0,0,0,0,0,0,46
2,0,0,79,79,0,0,0,0,0,0,0,0,0,0,0,46
2,0,0,97,97,0,0,0,0,0,0,0,0,0,0,0,46
2,0,0,95,95,0,0,0,0,0,0,0,0,0,0,0,46
2,0,0,100,100,0,0,0,0,0,0,0,0,0,0,0,46
2,0,0,94,94,0,0,0,0,0,0,0,0,0,0,0,46
2,0,0,95,95,0,0,0,0,0,0,0,0,0,0,0,46
2,0,0,100,100,0,0,0,0,0,0,0,0,0,0,0,46
2,0,0,100,100,0,0,0,0,0,0,0,0,0,0,0,46
2,0,0,100,100,0,0,0,0,0,0,0,0,0,0,0,46
2,0,0,100,100,0,0,0,0,0,0,0,0,0,0,0,46
2,0,0,93,93,0,0,0,0,0,0,0,0,0,0,0,46
2,0,0,88,88,0,0,0,0,0,0,0,0,0,0,0,46
2,0,0,79,79,0,0,0,0,0,0,0,0,0,0,0,46
2,0,0,100,100,0,0,0,0,0,0,0,0,0,0,0,46
2,0,0,100,100,0,0,0,0,0,0,0,0,0,0,0,46
2,0,0,100,100,0,0,0,0,0,0,0,0,0,0,0,46
2,0,0,89,89,0,0,0,0,0,0,0,0,0,0,0,46
2,0,0,95,95,0,0,0,0,0,0,0,0,0,0,0,46
2,0,0,100,100,0,0,0,0,0,0,0,0,0,0,0,46
2,0,0,85,85,0,0,0,0,0,0,0,0,0,0,0,46
2,0,0,91,91,0,0,0,0,0,0,0,0,0,0,0,46
2,0,0,100,100,0,0,0,0,0,0,0,0,0,0,0,46
2,0,0,84,84,0,0,0,0,0,0,0,0,0,0,0,46
2,0,0,99,99,0,0,0,0,0,0,0,0,0,0,0,46
2,0,0,100,100,0,0,0,0,0,0,0,0,0,0,0,46
2,0,0,100,100,0,0,0,0,0,0,0,0,0,0,0,46
2,0,0,98,98,0,0,0,0,0,0,0,0,0,0,0,46
2,0,0,100,100,0,0,0,0,0,0,0,0,0,0,0,46
2,0,0,87,87,0,0,0,0,0,0,0,0,0,0,0,46
2,0,0,97,97,0,0,0,0,0,0,0,0,0,0,0,46
2,0,0,99,99,0,0,0,0,0,0,0,0,0,0,0,46
2,0,0,94,94,0,0,0,0,0,0,0,0,0,0,0,46
2,0,0,82,82,0,0,0,0,0,0,0,0,0,0,0,46
2,0,0,86,86,0,0,0,0,0,0,0,0,0,0,0,46
2,0,0,90,90,0,0,0,0,0,0,0,0,0,0,0,46
2,0,0,91,91,0,0,0,0,0,0,0,0,0,0,0,46
2,0,0,79,79,0,0,0,0,0,0,0,0,0,0,0,46
2,0,0,100,100,0,0,0,0,0,0,0,0,0,0,0,46
2,0,0,99,99,0,0,0,0,0,0,0,0,0,0,0,46
2,87.5,87.9053251663635,100,87.9053251663635,4,6,0,0.14,0,0,0,0,0,0,0,46
2,0,0,99,99,0,0,0,0,0,0,0,0,0,0,0,46
2,0,0,100,100,0,0,0,0,0,0,0,0,0,0,0,46
2,0,0,81,81,0,0,0,0,0,0,0,0,0,0,0,46
2,0,0,96,96,0,0,0,0,0,0,0,0,0,0,0,46
2,0,0,86,86,0,0,0,0,0,0,0,0,0,0,0,46
2,0,0,88,88,0,0,0,0,0,0,0,0,0,0,0,46
2,0,0,100,100,0,0,0,0,0,0,0,0,0,0,0,46
2,0,0,100,100,0,0,0,0,0,0,0,0,0,0,0,46
2,0,0,79,79,0,0,0,0,0,0,0,0,0,0,0,46
2,0,0,100,100,0,0,0,0,0,0,0,0,0,0,0,46
2,0,0,100,100,0,0,0,0,0,0,0,0,0,0,0,46
2,0,0,100,100,0,0,0,0,0,0,0,0,0,0,0,46
2,0,0,88,88,0,0,0,0,0,0,0,0,0,0,0,46
2,0,0,81,81,0,0,0,0,0,0,0,0,0,0,0,46
2,0,0,100,100,0,0,0,0,0,0,0,0,0,0,0,46
2,0,0,100,100,0,0,0,0,0,0,0,0,0,0,0,46
2,0,0,100,100,0,0,0,0,0,0,0,0,0,0,0,46
2,0,0,92,92,0,0,0,0,0,0,0,0,0,0,0,46
2,0,0,92,92,0,0,0,0,0,0,0,0,0,0,0,46
1,0,0,87,87,0,0,0,0,1,0,0,0,0,0,1,51
1,0,0,89,89,0,0,0,0,1,0,0,0,0,0,1,51
1,0,0,95,95,0,0,0,0,1,0,0,0,0,0,1,51
1,0,0,85,85,0,0,0,0,1,0,0,0,0,0,1,51
1,0,0,94,94,0,0,0,0,1,0,0,0,0,0,1,51
1,0,0,76,76,0,0,0,0,1,0,0,0,0,0,1,51
1,0,0,80,80,0,0,0,0,1,0,0,0,0,0,1,51
1,0,0,74,74,0,0,0,0,1,0,0,0,0,0,1,51
1,80.5,80.6161546096869,88,80.6161546096869,1,6,0,0.28,1,0,0,0,0,0,1,51
1,0,0,99,99,0,0,0,0,1,0,0,0,0,0,1,51
1,0,0,88,88,0,0,0,0,1,0,0,0,0,0,1,51
1,0,0,100,100,0,0,0,0,1,0,0,0,0,0,1,51
1,0,0,100,100,0,0,0,0,1,0,0,0,0,0,1,51
1,78,78,81,78,2,1,0,0,1,1,1,0,1,0,1,51
1,0,0,93,93,0,0,0,0,1,0,0,0,0,0,1,51
1,0,0,97,97,0,0,0,0,1,0,0,0,0,0,1,51
1,0,0,100,100,0,0,0,0,1,0,0,0,0,0,1,51
1,0,0,92,92,0,0,0,0,1,0,0,0,0,0,1,51
1,0,0,83,83,0,0,0,0,1,0,0,0,0,0,1,51
1,0,0,78,78,0,0,0,0,1,0,0,0,0,0,1,51
1,89.5,89.7728999037456,91,89.7728999037456,1,6,0,0.14,1,0,0,0,0,0,1,51
1,0,0,89,89,0,0,0,0,1,0,0,0,0,0,1,51
1,87.5,88.1309436597728,93,88.1309436597728,2,6,0,0,1,0,0,0,0,0,1,51
1,0,0,94,94,0,0,0,0,1,0,0,0,0,0,1,51
1,0,0,81,81,0,0,0,0,1,0,0,0,0,0,1,51
1,0,0,89,89,0,0,0,0,1,0,0,0,0,0,1,51
1,0,0,74,74,0,0,0,0,1,0,0,0,0,0,1,51
1,0,0,94,94,0,0,0,0,1,0,0,0,0,0,1,51
1,79.5,80.6848826084421,94,80.6848826084421,4,2,0,0.46,1,0,1,0.927522385474679,0,0,1,51
1,0,0,85,85,0,0,0,0,1,0,0,0,0,0,1,51
1,0,0,97,97,0,0,0,0,1,0,0,0,0,0,1,51
1,0,0,100,100,0,0,0,0,1,0,0,0,0,0,1,51
1,0,0,80,80,0,0,0,0,1,0,0,0,0,0,1,51
1,0,0,90,90,0,0,0,0,1,0,0,0,0,0,1,51
1,0,0,78,78,0,0,0,0,1,0,0,0,0,0,1,51
1,0,0,79,79,0,0,0,0,1,0,0,0,0,0,1,51
1,0,0,92,92,0,0,0,0,1,0,0,0,0,0,1,51
1,0,0,93,93,0,0,0,0,1,0,0,0,0,0,1,51
1,0,0,87,87,0,0,0,0,1,0,0,0,0,0,1,51
1,0,0,75,75,0,0,0,0,1,0,0,0,0,0,1,51
1,0,0,99,99,0,0,0,0,1,0,0,0,0,0,1,51
1,88.5,89.6146016370411,94,89.6146016370411,2,4,0,0.14,1,0,0,0,0,0,1,51
1,0,0,87,87,0,0,0,0,1,0,0,0,0,0,1,51
1,82.5,83.9818536803521,100,83.9818536803521,4,6,0,0.28,1,0,0,0,0,0,1,51
1,0,0,80,80,0,0,0,0,1,0,0,0,0,0,1,51
1,0,0,81,81,0,0,0,0,1,0,0,0,0,0,1,51
1,0,0,79,79,0,0,0,0,1,0,0,0,0,0,1,51
1,89.5,98.9951923395728,90,90,4,2,0,0.32,1,0,0,0,0,0,1,51
1,0,0,94,94,0,0,0,0,1,0,0,0,0,0,1,51
1,0,0,76,76,0,0,0,0,1,0,0,0,0,0,1,51
1,0,0,88,88,0,0,0,0,1,0,0,0,0,0,1,51
1,0,0,85,85,0,0,0,0,1,0,0,0,0,0,1,51
1,0,0,92,92,0,0,0,0,1,0,0,0,0,0,1,51
1,0,0,75,75,0,0,0,0,1,0,0,0,0,0,1,51
1,0,0,81,81,0,0,0,0,1,0,0,0,0,0,1,51
1,0,0,82,82,0,0,0,0,1,0,0,0,0,0,1,51
1,0,0,85,85,0,0,0,0,1,0,0,0,0,0,1,51
1,0,0,94,94,0,0,0,0,1,0,0,0,0,0,1,51
1,73.5,80.5014039724002,94,80.5014039724002,2,1,0,0.28,1,0,1,7.00140397240022,0,0,1,51
1,0,0,83,83,0,0,0,0,1,0,0,0,0,0,1,51
1,0,0,94,94,0,0,0,0,1,0,0,0,0,0,1,51
1,79.5,100,93,93,2,4,0,0.28,1,0,0,0,0,0,1,51
1,0,0,95,95,0,0,0,0,1,0,0,0,0,0,1,51
1,0,0,95,95,0,0,0,0,1,0,0,0,0,0,1,51
1,0,0,87,87,0,0,0,0,1,0,0,0,0,0,1,51
1,0,0,100,100,0,0,0,0,1,0,0,0,0,0,1,51
1,0,0,91,91,0,0,0,0,1,0,0,0,0,0,1,51
1,0,0,100,100,0,0,0,0,1,0,0,0,0,0,1,51
1,85.5,85.5393297744894,95,85.5393297744894,1,6,0,0.28,1,0,0,0,0,0,1,51
1,0,0,100,100,0,0,0,0,1,0,0,0,0,0,1,51
1,75.5,77.8351719167164,83,77.8351719167164,4,5,0,0.14,1,0,1,2.33517191671641,0,0,1,51
1,0,0,91,91,0,0,0,0,1,0,0,0,0,0,1,51
1,0,0,100,100,0,0,0,0,1,0,0,0,0,0,1,51
1,0,0,100,100,0,0,0,0,1,0,0,0,0,0,1,51
1,0,0,82,82,0,0,0,0,1,0,0,0,0,0,1,51
1,90.5,90.9327388091832,96,90.9327388091832,1,6,0,0.18,1,0,0,0,0,0,1,51
1,0,0,88,88,0,0,0,0,1,0,0,0,0,0,1,51
1,0,0,78,78,0,0,0,0,1,0,0,0,0,0,1,51
1,0,0,92,92,0,0,0,0,1,0,0,0,0,0,1,51
1,0,0,88,88,0,0,0,0,1,0,0,0,0,0,1,51
1,0,0,82,82,0,0,0,0,1,0,0,0,0,0,1,51
1,0,0,89,89,0,0,0,0,1,0,0,0,0,0,1,52
1,0,0,100,100,0,0,0,0,1,0,0,0,0,0,1,52
1,0,0,80,80,0,0,0,0,1,0,0,0,0,0,1,52
1,0,0,95,95,0,0,0,0,1,0,0,0,0,0,1,52
1,0,0,83,83,0,0,0,0,1,0,0,0,0,0,1,52
1,0,0,84,84,0,0,0,0,1,0,0,0,0,0,1,52
1,0,0,86,86,0,0,0,0,1,0,0,0,0,0,1,52
1,0,0,89,89,0,0,0,0,1,0,0,0,0,0,1,52
1,0,0,93,93,0,0,0,0,1,0,0,0,0,0,1,52
1,0,0,91,91,0,0,0,0,1,0,0,0,0,0,1,52
1,0,0,98,98,0,0,0,0,1,0,0,0,0,0,1,52
1,0,0,89,89,0,0,0,0,1,0,0,0,0,0,1,52
1,0,0,95,95,0,0,0,0,1,0,0,0,0,0,1,52
1,0,0,79,79,0,0,0,0,1,0,0,0,0,0,1,52
1,0,0,90,90,0,0,0,0,1,0,0,0,0,0,1,52
1,0,0,86,86,0,0,0,0,1,0,0,0,0,0,1,52
1,0,0,99,99,0,0,0,0,1,0,0,0,0,0,1,52
1,0,0,86,86,0,0,0,0,1,0,0,0,0,0,1,52
1,0,0,92,92,0,0,0,0,1,0,0,0,0,0,1,52
1,0,0,92,92,0,0,0,0,1,0,0,0,0,0,1,52
1,0,0,79,79,0,0,0,0,1,0,0,0,0,0,1,52
1,0,0,86,86,0,0,0,0,1,0,0,0,0,0,1,52
1,0,0,81,81,0,0,0,0,1,0,0,0,0,0,1,52
1,0,0,84,84,0,0,0,0,1,0,0,0,0,0,1,52
1,0,0,90,90,0,0,0,0,1,0,0,0,0,0,1,52
1,0,0,100,100,0,0,0,0,1,0,0,0,0,0,1,52
1,0,0,81,81,0,0,0,0,1,0,0,0,0,0,1,52
1,0,0,89,89,0,0,0,0,1,0,0,0,0,0,1,52
1,77.5,82.4298672444328,100,82.4298672444328,2,1,0,0.18,1,0,1,4.2875914166986,0,0,1,52
1,0,0,86,86,0,0,0,0,1,0,0,0,0,0,1,52
1,0,0,92,92,0,0,0,0,1,0,0,0,0,0,1,52
1,0,0,92,92,0,0,0,0,1,0,0,0,0,0,1,52
1,0,0,84,84,0,0,0,0,1,0,0,0,0,0,1,52
1,0,0,80,80,0,0,0,0,1,0,0,0,0,0,1,52
1,0,0,82,82,0,0,0,0,1,0,0,0,0,0,1,52
1,0,0,89,89,0,0,0,0,1,0,0,0,0,0,1,52
1,0,0,95,95,0,0,0,0,1,0,0,0,0,0,1,52
1,79.5,79.6058864218,90,79.6058864218,1,2,0,0.32,1,0,0,0,0,0,1,52
1,0,0,89,89,0,0,0,0,1,0,0,0,0,0,1,52
1,0,0,84,84,0,0,0,0,1,0,0,0,0,0,1,52
1,0,0,90,90,0,0,0,0,1,0,0,0,0,0,1,52
1,0,0,88,88,0,0,0,0,1,0,0,0,0,0,1,52
1,0,0,95,95,0,0,0,0,1,0,0,0,0,0,1,52
1,0,0,99,99,0,0,0,0,1,0,0,0,0,0,1,52
1,0,0,69,69,0,0,0,0,1,0,0,0,0,0,1,50
1,0,0,64,64,0,0,0,0,1,0,0,0,0,0,1,50
1,0,0,74,74,0,0,0,0,1,0,0,0,0,0,1,50
1,0,0,73,73,0,0,0,0,1,0,0,0,0,0,1,50
1,0,0,64,64,0,0,0,0,1,0,0,0,0,0,1,50
1,0,0,69,69,0,0,0,0,1,0,0,0,0,0,1,50
1,0,0,74,74,0,0,0,0,1,0,0,0,0,0,1,50
1,0,0,76,76,0,0,0,0,1,0,0,0,0,0,1,50
1,0,0,67,67,0,0,0,0,1,0,0,0,0,0,1,50
1,0,0,71,71,0,0,0,0,1,0,0,0,0,0,1,50
1,0,0,65,65,0,0,0,0,1,0,0,0,0,0,1,50
1,0,0,74,74,0,0,0,0,1,0,0,0,0,0,1,50
1,0,0,72,72,0,0,0,0,1,0,0,0,0,0,1,50
1,66.5,88.7995518112189,77,77,2,1,0,0.18,1,0,0,0,0,0,1,50
1,0,0,85,85,0,0,0,0,1,0,0,0,0,0,1,50
1,0,0,65,65,0,0,0,0,1,0,0,0,0,0,1,50
1,0,0,64,64,0,0,0,0,1,0,0,0,0,0,1,50
1,0,0,68,68,0,0,0,0,1,0,0,0,0,0,1,50
1,0,0,81,81,0,0,0,0,1,0,0,0,0,0,1,50
1,0,0,69,69,0,0,0,0,1,0,0,0,0,0,1,50
1,0,0,72,72,0,0,0,0,1,0,0,0,0,0,1,50
1,0,0,68,68,0,0,0,0,1,0,0,0,0,0,1,50
1,0,0,64,64,0,0,0,0,1,0,0,0,0,0,1,50
1,0,0,67,67,0,0,0,0,1,0,0,0,0,0,1,50
1,0,0,74,74,0,0,0,0,1,0,0,0,0,0,1,50
1,0,0,78,78,0,0,0,0,1,0,0,0,0,0,1,50
1,73.5,74.7554797252355,76,74.7554797252355,4,2,0,0.18,1,0,0,0,0,0,1,50
1,0,0,74,74,0,0,0,0,1,0,0,0,0,0,1,50
1,0,0,66,66,0,0,0,0,1,0,0,0,0,0,1,50
1,0,0,70,70,0,0,0,0,1,0,0,0,0,0,1,50
1,0,0,66,66,0,0,0,0,1,0,0,0,0,0,1,50
1,0,0,76,76,0,0,0,0,1,0,0,0,0,0,1,50
1,0,0,64,64,0,0,0,0,1,0,0,0,0,0,1,50
1,0,0,66,66,0,0,0,0,1,0,0,0,0,0,1,50
1,0,0,77,77,0,0,0,0,1,0,0,0,0,0,1,50
1,0,0,67,67,0,0,0,0,1,0,0,0,0,0,1,50
1,0,0,69,69,0,0,0,0,1,0,0,0,0,0,1,50
1,0,0,71,71,0,0,0,0,1,0,0,0,0,0,1,50
1,0,0,75,75,0,0,0,0,1,0,0,0,0,0,1,50
1,0,0,76,76,0,0,0,0,1,0,0,0,0,0,1,50
1,0,0,64,64,0,0,0,0,1,0,0,0,0,0,1,50
1,0,0,65,65,0,0,0,0,1,0,0,0,0,0,1,50
1,0,0,78,78,0,0,0,0,1,0,0,0,0,0,1,50
1,0,0,73,73,0,0,0,0,1,0,0,0,0,0,1,50
1,0,0,80,80,0,0,0,0,1,0,0,0,0,0,1,50
1,0,0,68,68,0,0,0,0,1,0,0,0,0,0,1,50
1,0,0,65,65,0,0,0,0,1,0,0,0,0,0,1,50
1,0,0,66,66,0,0,0,0,1,0,0,0,0,0,1,50
1,0,0,65,65,0,0,0,0,1,0,0,0,0,0,1,50
1,0,0,81,81,0,0,0,0,1,0,0,0,0,0,1,50
1,0,0,67,67,0,0,0,0,1,0,0,0,0,0,1,50
1,0,0,72,72,0,0,0,0,1,0,0,0,0,0,1,50
1,0,0,66,66,0,0,0,0,1,0,0,0,0,0,1,50
1,0,0,74,74,0,0,0,0,1,0,0,0,0,0,1,50
1,0,0,66,66,0,0,0,0,1,0,0,0,0,0,1,50
1,0,0,70,70,0,0,0,0,1,0,0,0,0,0,1,50
1,0,0,82,82,0,0,0,0,1,0,0,0,0,0,1,50
1,0,0,79,79,0,0,0,0,1,0,0,0,0,0,1,50
1,0,0,64,64,0,0,0,0,1,0,0,0,0,0,1,50
1,0,0,67,67,0,0,0,0,1,0,0,0,0,0,1,50
1,70.5,85.6060834627546,79,79,4,1,0,0,1,0,1,15.1060834627546,0,0,1,50
1,0,0,67,67,0,0,0,0,1,0,0,0,0,0,1,50
1,0,0,65,65,0,0,0,0,1,0,0,0,0,0,1,50
1,0,0,66,66,0,0,0,0,1,0,0,0,0,0,1,50
1,0,0,67,67,0,0,0,0,1,0,0,0,0,0,1,50
1,0,0,67,67,0,0,0,0,1,0,0,0,0,0,1,50
1,0,0,68,68,0,0,0,0,1,0,0,0,0,0,1,50
1,0,0,66,66,0,0,0,0,1,0,0,0,0,0,1,50
1,0,0,70,70,0,0,0,0,1,0,0,0,0,0,1,50
1,0,0,66,66,0,0,0,0,1,0,0,0,0,0,1,50
1,0,0,67,67,0,0,0,0,1,0,0,0,0,0,1,50
1,0,0,70,70,0,0,0,0,1,0,0,0,0,0,1,50
1,0,0,75,75,0,0,0,0,1,0,0,0,0,0,1,50
1,0,0,72,72,0,0,0,0,1,0,0,0,0,0,1,50
1,0,0,71,71,0,0,0,0,1,0,0,0,0,0,1,50
1,0,0,65,65,0,0,0,0,1,0,0,0,0,0,1,50
1,0,0,65,65,0,0,0,0,1,0,0,0,0,0,1,50
1,0,0,67,67,0,0,0,0,1,0,0,0,0,0,1,50
1,0,0,67,67,0,0,0,0,1,0,0,0,0,0,1,50
1,0,0,75,75,0,0,0,0,1,0,0,0,0,0,1,50
1,0,0,66,66,0,0,0,0,1,0,0,0,0,0,1,50
1,0,0,83,83,0,0,0,0,1,0,0,0,0,0,1,50
1,0,0,73,73,0,0,0,0,1,0,0,0,0,0,1,50
1,0,0,71,71,0,0,0,0,1,0,0,0,0,0,1,50
1,0,0,65,65,0,0,0,0,1,0,0,0,0,0,1,50
1,0,0,65,65,0,0,0,0,1,0,0,0,0,0,1,50
1,0,0,75,75,0,0,0,0,1,0,0,0,0,0,1,50
1,0,0,69,69,0,0,0,0,1,0,0,0,0,0,1,50
1,0,0,78,78,0,0,0,0,1,0,0,0,0,0,1,50
1,0,0,65,65,0,0,0,0,1,0,0,0,0,0,1,50
1,0,0,66,66,0,0,0,0,1,0,0,0,0,0,1,50
1,0,0,69,69,0,0,0,0,1,0,0,0,0,0,1,50
1,0,0,76,76,0,0,0,0,1,0,0,0,0,0,1,50
1,0,0,76,76,0,0,0,0,1,0,0,0,0,0,1,50
1,0,0,71,71,0,0,0,0,1,0,0,0,0,0,1,50
1,71.5,77.5669838222564,72,72,1,5,0,0.32,1,0,0,0,0,0,1,50
1,0,0,74,74,0,0,0,0,1,0,0,0,0,0,1,50
1,0,0,69,69,0,0,0,0,1,0,0,0,0,0,1,50
1,0,0,81,81,0,0,0,0,1,0,0,0,0,0,1,50
1,0,0,67,67,0,0,0,0,1,0,0,0,0,0,1,50
1,0,0,76,76,0,0,0,0,1,0,0,0,0,0,1,50
1,0,0,68,68,0,0,0,0,1,0,0,0,0,0,1,50
1,0,0,85,85,0,0,0,0,1,0,0,0,0,0,1,53
1,0,0,76,76,0,0,0,0,1,0,0,0,0,0,1,53
1,0,0,76,76,0,0,0,0,1,0,0,0,0,0,1,53
1,80.5,82.7412854974592,87,82.7412854974592,2,1,0,0.18,1,0,1,2.24128549745917,0,0,1,53
1,84.5,89.8494835353043,92,89.8494835353043,2,1,0,0.18,1,0,0,0,0,0,1,53
1,0,0,90,90,0,0,0,0,1,0,0,0,0,0,1,53
1,0,0,86,86,0,0,0,0,1,0,0,0,0,0,1,53
1,0,0,77,77,0,0,0,0,1,0,0,0,0,0,1,53
1,0,0,100,100,0,0,0,0,1,0,0,0,0,0,1,53
1,0,0,86,86,0,0,0,0,1,0,0,0,0,0,1,53
1,0,0,80,80,0,0,0,0,1,0,0,0,0,0,1,53
1,0,0,77,77,0,0,0,0,1,0,0,0,0,0,1,53
1,0,0,80,80,0,0,0,0,1,0,0,0,0,0,1,53
1,0,0,89,89,0,0,0,0,1,0,0,0,0,0,1,53
1,0,0,96,96,0,0,0,0,1,0,0,0,0,0,1,53
1,0,0,88,88,0,0,0,0,1,0,0,0,0,0,1,53
1,0,0,96,96,0,0,0,0,1,0,0,0,0,0,1,53
1,0,0,81,81,0,0,0,0,1,0,0,0,0,0,1,53
1,0,0,88,88,0,0,0,0,1,0,0,0,0,0,1,53
1,0,0,84,84,0,0,0,0,1,0,0,0,0,0,1,53
1,0,0,90,90,0,0,0,0,1,0,0,0,0,0,1,53
1,0,0,79,79,0,0,0,0,1,0,0,0,0,0,1,53
1,0,0,77,77,0,0,0,0,1,0,0,0,0,0,1,53
1,0,0,76,76,0,0,0,0,1,0,0,0,0,0,1,53
1,0,0,81,81,0,0,0,0,1,0,0,0,0,0,1,53
1,0,0,81,81,0,0,0,0,1,0,0,0,0,0,1,53
1,79,79,93,79,2,1,0,0.14,1,0,1,0,1,0,1,53
1,83.5,92.067059852562,87,87,2,1,0,0.32,1,0,0,0,0,0,1,53
1,0,0,85,85,0,0,0,0,0,0,0,0,0,0,0,28
1,0,0,100,100,0,0,0,0,0,0,0,0,0,0,0,28
1,0,0,81,81,0,0,0,0,0,0,0,0,0,0,0,28
1,0,0,100,100,0,0,0,0,0,0,0,0,0,0,0,28
1,0,0,93,93,0,0,0,0,0,0,0,0,0,0,0,28
1,0,0,92,92,0,0,0,0,0,0,0,0,0,0,0,28
1,0,0,81,81,0,0,0,0,0,0,0,0,0,0,0,28
1,84,0,84,84,2,1,0,0,0,1,0,0,0,0,0,28
1,0,0,89,89,0,0,0,0,0,0,0,0,0,0,0,28
1,0,0,74,74,0,0,0,0,0,0,0,0,0,0,0,28
1,0,0,96,96,0,0,0,0,0,0,0,0,0,0,0,28
1,0,0,89,89,0,0,0,0,0,0,0,0,0,0,0,28
1,0,0,100,100,0,0,0,0,0,0,0,0,0,0,0,28
1,0,0,100,100,0,0,0,0,0,0,0,0,0,0,0,28
1,0,0,74,74,0,0,0,0,0,0,0,0,0,0,0,28
1,0,0,59,59,0,0,0,0,0,0,0,0,0,0,0,28
1,0,0,95,95,0,0,0,0,0,0,0,0,0,0,0,28
1,54.5,84.0106983868619,93,84.0106983868619,2,1,0,0.18,0,0,0,0,0,0,0,28
1,0,0,100,100,0,0,0,0,0,0,0,0,0,0,0,28
1,0,0,89,89,0,0,0,0,0,0,0,0,0,0,0,28
1,0,0,93,93,0,0,0,0,0,0,0,0,0,0,0,28
1,0,0,74,74,0,0,0,0,0,0,0,0,0,0,0,28
1,0,0,86,86,0,0,0,0,0,0,0,0,0,0,0,28
1,0,0,95,95,0,0,0,0,0,0,0,0,0,0,0,28
1,0,0,95,95,0,0,0,0,0,0,0,0,0,0,0,28
1,0,0,85,85,0,0,0,0,0,0,0,0,0,0,0,28
1,0,0,98,98,0,0,0,0,0,0,0,0,0,0,0,28
1,0,0,100,100,0,0,0,0,0,0,0,0,0,0,0,28
1,0,0,98,98,0,0,0,0,0,0,0,0,0,0,0,28
1,0,0,92,92,0,0,0,0,0,0,0,0,0,0,0,28
1,0,0,100,100,0,0,0,0,0,0,0,0,0,0,0,28
1,0,0,90,90,0,0,0,0,0,0,0,0,0,0,0,28
1,0,0,60,60,0,0,0,0,0,0,0,0,0,0,0,28
1,0,0,78,78,0,0,0,0,0,0,0,0,0,0,0,28
1,0,0,90,90,0,0,0,0,0,0,0,0,0,0,0,28
1,0,0,100,100,0,0,0,0,0,0,0,0,0,0,0,28
1,0,0,92,92,0,0,0,0,0,0,0,0,0,0,0,28
1,0,0,70,70,0,0,0,0,0,0,0,0,0,0,0,28
1,0,0,85,85,0,0,0,0,0,0,0,0,0,0,0,28
1,0,0,100,100,0,0,0,0,0,0,0,0,0,0,0,28
1,0,0,100,100,0,0,0,0,0,0,0,0,0,0,0,28
1,0,0,97,97,0,0,0,0,0,0,0,0,0,0,0,28
1,0,0,72,72,0,0,0,0,0,0,0,0,0,0,0,28
1,96,0,96,96,2,1,0,0,0,1,0,0,0,0,0,28
1,0,0,78,78,0,0,0,0,0,0,0,0,0,0,0,28
1,0,0,77,77,0,0,0,0,0,0,0,0,0,0,0,28
1,0,0,97,97,0,0,0,0,0,0,0,0,0,0,0,28
1,0,0,60,60,0,0,0,0,0,0,0,0,0,0,0,28
1,0,0,90,90,0,0,0,0,0,0,0,0,0,0,0,28
1,0,0,86,86,0,0,0,0,0,0,0,0,0,0,0,28
1,0,0,100,100,0,0,0,0,0,0,0,0,0,0,0,28
1,0,0,100,100,0,0,0,0,0,0,0,0,0,0,0,28
1,0,0,89,89,0,0,0,0,0,0,0,0,0,0,0,28
1,0,0,88,88,0,0,0,0,0,0,0,0,0,0,0,28
1,0,0,93,93,0,0,0,0,0,0,0,0,0,0,0,28
1,0,0,93,93,0,0,0,0,0,0,0,0,0,0,0,28
1,0,0,91,91,0,0,0,0,0,0,0,0,0,0,0,28
1,0,0,100,100,0,0,0,0,0,0,0,0,0,0,0,28
1,0,0,96,96,0,0,0,0,0,0,0,0,0,0,0,28
1,0,0,95,95,0,0,0,0,0,0,0,0,0,0,0,28
1,0,0,97,97,0,0,0,0,0,0,0,0,0,0,0,28
1,0,0,78,78,0,0,0,0,0,0,0,0,0,0,0,28
1,0,0,81,81,0,0,0,0,0,0,0,0,0,0,0,28
1,0,0,100,100,0,0,0,0,0,0,0,0,0,0,0,28
1,0,0,69,69,0,0,0,0,0,0,0,0,0,0,0,28
1,0,0,90,90,0,0,0,0,0,0,0,0,0,0,0,28
1,0,0,89,89,0,0,0,0,0,0,0,0,0,0,0,28
1,93.5,100,100,100,2,1,0,0.18,0,0,0,0,0,0,0,28
1,0,0,82,82,0,0,0,0,0,0,0,0,0,0,0,28
1,0,0,87,87,0,0,0,0,0,0,0,0,0,0,0,28
1,0,0,76,76,0,0,0,0,0,0,0,0,0,0,0,28
1,0,0,86,86,0,0,0,0,0,0,0,0,0,0,0,28
1,0,0,94,94,0,0,0,0,0,0,0,0,0,0,0,28
1,0,0,90,90,0,0,0,0,0,0,0,0,0,0,0,28
1,0,0,100,100,0,0,0,0,0,0,0,0,0,0,0,28
1,0,0,78,78,0,0,0,0,0,0,0,0,0,0,0,28
1,0,0,95,95,0,0,0,0,0,0,0,0,0,0,0,28
1,0,0,72,72,0,0,0,0,0,0,0,0,0,0,0,28
1,0,0,89,89,0,0,0,0,0,0,0,0,0,0,0,28
1,0,0,93,93,0,0,0,0,0,0,0,0,0,0,0,28
1,0,0,88,88,0,0,0,0,0,0,0,0,0,0,0,28
1,80,0,80,80,2,1,0,0,0,1,0,0,0,0,0,28
1,0,0,100,100,0,0,0,0,0,0,0,0,0,0,0,28
1,0,0,100,100,0,0,0,0,0,0,0,0,0,0,0,28
1,0,0,95,95,0,0,0,0,0,0,0,0,0,0,0,28
1,0,0,98,98,0,0,0,0,0,0,0,0,0,0,0,28
1,0,0,59,59,0,0,0,0,0,0,0,0,0,0,0,28
1,0,0,77,77,0,0,0,0,0,0,0,0,0,0,0,28
1,0,0,81,81,0,0,0,0,0,0,0,0,0,0,0,28
1,0,0,96,96,0,0,0,0,0,0,0,0,0,0,0,28
1,0,0,57,57,0,0,0,0,0,0,0,0,0,0,0,28
1,0,0,100,100,0,0,0,0,0,0,0,0,0,0,0,28
1,0,0,90,90,0,0,0,0,0,0,0,0,0,0,0,28
1,0,0,100,100,0,0,0,0,0,0,0,0,0,0,0,28
1,0,0,100,100,0,0,0,0,0,0,0,0,0,0,0,28
1,0,0,83,83,0,0,0,0,0,0,0,0,0,0,0,28
1,0,0,95,95,0,0,0,0,0,0,0,0,0,0,0,28
1,0,0,78,78,0,0,0,0,0,0,0,0,0,0,0,28
1,0,0,92,92,0,0,0,0,0,0,0,0,0,0,0,28
1,0,0,99,99,0,0,0,0,0,0,0,0,0,0,0,28
1,0,0,95,95,0,0,0,0,0,0,0,0,0,0,0,28
1,0,0,70,70,0,0,0,0,0,0,0,0,0,0,0,28
1,0,0,92,92,0,0,0,0,0,0,0,0,0,0,0,28
1,0,0,100,100,0,0,0,0,0,0,0,0,0,0,0,28
1,0,0,99,99,0,0,0,0,0,0,0,0,0,0,0,28
1,0,0,100,100,0,0,0,0,0,0,0,0,0,0,0,28
1,0,0,83,83,0,0,0,0,0,0,0,0,0,0,0,28
1,0,0,81,81,0,0,0,0,0,0,0,0,0,0,0,28
1,0,0,79,79,0,0,0,0,0,0,0,0,0,0,0,28
1,0,0,98,98,0,0,0,0,0,0,0,0,0,0,0,28
1,0,0,96,96,0,0,0,0,0,0,0,0,0,0,0,28
1,0,0,100,100,0,0,0,0,0,0,0,0,0,0,0,28
1,0,0,88,88,0,0,0,0,0,0,0,0,0,0,0,28
1,0,0,100,100,0,0,0,0,0,0,0,0,0,0,0,28
1,0,0,96,96,0,0,0,0,0,0,0,0,0,0,0,28
1,0,0,97,97,0,0,0,0,0,0,0,0,0,0,0,28
1,0,0,80,80,0,0,0,0,0,0,0,0,0,0,0,28
1,0,0,80,80,0,0,0,0,0,0,0,0,0,0,0,28
1,0,0,100,100,0,0,0,0,0,0,0,0,0,0,0,28
1,0,0,95,95,0,0,0,0,0,0,0,0,0,0,0,28
1,0,0,85,85,0,0,0,0,0,0,0,0,0,0,0,28
1,0,0,86,86,0,0,0,0,0,0,0,0,0,0,0,28
1,0,0,100,100,0,0,0,0,0,0,0,0,0,0,0,28
1,0,0,100,100,0,0,0,0,0,0,0,0,0,0,0,28
1,0,0,100,100,0,0,0,0,0,0,0,0,0,0,0,28
1,0,0,56,56,0,0,0,0,0,0,0,0,0,0,0,28
1,0,0,86,86,0,0,0,0,1,0,0,0,0,0,1,39
1,87.5,88.0827165660022,96,88.0827165660022,1,6,0,0.14,1,0,0,0,0,0,1,39
1,0,0,100,100,0,0,0,0,1,0,0,0,0,0,1,39
1,0,0,94,94,0,0,0,0,1,0,0,0,0,0,1,39
1,0,0,80,80,0,0,0,0,1,0,0,0,0,0,1,39
1,59.5,61.4875007698798,61,61,1,2,0,0.18,1,0,1,1.98750076987981,0,0,1,39
1,0,0,87,87,0,0,0,0,1,0,0,0,0,0,1,39
1,93.5,95.4434529118515,100,95.4434529118515,4,2,0,0.32,1,0,0,0,0,0,1,39
1,0,0,71,71,0,0,0,0,1,0,0,0,0,0,1,39
1,73.5,74.0057178315408,85,74.0057178315408,3,6,0,0.32,1,0,0,0,0,0,1,39
1,55.5,100,96,96,4,1,0,0.18,1,0,1,146.278929308739,0,0,1,39
1,55.5,100,95,95,3,1,0,0.14,1,0,1,101.580166627426,0,0,1,39
1,78.5,78.5166024568523,100,78.5166024568523,2,6,0,0.14,1,0,0,0,0,0,1,39
1,0,0,93,93,0,0,0,0,1,0,0,0,0,0,1,39
1,0,0,93,93,0,0,0,0,1,0,0,0,0,0,1,39
1,0,0,92,92,0,0,0,0,1,0,0,0,0,0,1,39
1,0,0,91,91,0,0,0,0,1,0,0,0,0,0,1,39
1,0,0,93,93,0,0,0,0,1,0,0,0,0,0,1,39
1,82.5,82.8375233286241,93,82.8375233286241,2,6,0,0.14,1,0,0,0,0,0,1,39
1,0,0,86,86,0,0,0,0,1,0,0,0,0,0,1,39
1,0,0,79,79,0,0,0,0,1,0,0,0,0,0,1,39
1,0,0,73,73,0,0,0,0,1,0,0,0,0,0,1,39
1,0,0,90,90,0,0,0,0,1,0,0,0,0,0,1,39
1,0,0,73,73,0,0,0,0,1,0,0,0,0,0,1,39
1,0,0,84,84,0,0,0,0,1,0,0,0,0,0,1,39
1,0,0,87,87,0,0,0,0,1,0,0,0,0,0,1,39
1,0,0,88,88,0,0,0,0,1,0,0,0,0,0,1,39
1,0,0,72,72,0,0,0,0,1,0,0,0,0,0,1,39
1,0,0,96,96,0,0,0,0,1,0,0,0,0,0,1,39
1,0,0,89,89,0,0,0,0,1,0,0,0,0,0,1,39
1,0,0,66,66,0,0,0,0,1,0,0,0,0,0,1,39
1,0,0,63,63,0,0,0,0,1,0,0,0,0,0,1,39
1,0,0,73,73,0,0,0,0,1,0,0,0,0,0,1,39
1,0,0,82,82,0,0,0,0,1,0,0,0,0,0,1,39
1,79.5,79.88338113846,91,79.88338113846,3,1,0,0.18,1,0,0,0,0,0,1,39
1,0,0,83,83,0,0,0,0,1,0,0,0,0,0,1,39
1,86.5,87.753989256164,89,87.753989256164,2,4,0,0.28,1,0,0,0,0,0,1,39
1,0,0,81,81,0,0,0,0,1,0,0,0,0,0,1,39
1,0,0,100,100,0,0,0,0,1,0,0,0,0,0,1,39
1,0,0,90,90,0,0,0,0,1,0,0,0,0,0,1,39
1,0,0,62,62,0,0,0,0,1,0,0,0,0,0,1,39
1,0,0,84,84,0,0,0,0,1,0,0,0,0,0,1,39
1,0,0,100,100,0,0,0,0,1,0,0,0,0,0,1,39
1,0,0,94,94,0,0,0,0,1,0,0,0,0,0,1,39
1,0,0,93,93,0,0,0,0,1,0,0,0,0,0,1,39
1,0,0,62,62,0,0,0,0,1,0,0,0,0,0,1,39
1,0,0,79,79,0,0,0,0,1,0,0,0,0,0,1,39
1,0,0,96,96,0,0,0,0,1,0,0,0,0,0,1,39
1,0,0,73,73,0,0,0,0,1,0,0,0,0,0,1,39
1,0,0,84,84,0,0,0,0,1,0,0,0,0,0,1,39
1,0,0,84,84,0,0,0,0,1,0,0,0,0,0,1,39
1,69,69,78,69,3,5,0,0.14,1,0,1,0,1,0,1,39
1,0,0,68,68,0,0,0,0,1,0,0,0,0,0,1,39
1,0,0,80,80,0,0,0,0,1,0,0,0,0,0,1,39
1,0,0,81,81,0,0,0,0,1,0,0,0,0,0,1,39
1,55,55,88,55,4,1,0,0.18,1,0,1,0,1,0,1,39
1,0,0,80,80,0,0,0,0,1,0,0,0,0,0,1,39
1,0,0,73,73,0,0,0,0,1,0,0,0,0,0,1,39
1,0,0,85,85,0,0,0,0,1,0,0,0,0,0,1,39
1,0,0,87,87,0,0,0,0,1,0,0,0,0,0,1,39
1,0,0,82,82,0,0,0,0,1,0,0,0,0,0,1,39
1,0,0,81,81,0,0,0,0,1,0,0,0,0,0,1,39
1,0,0,94,94,0,0,0,0,1,0,0,0,0,0,1,39
1,0,0,88,88,0,0,0,0,1,0,0,0,0,0,1,39
1,0,0,87,87,0,0,0,0,1,0,0,0,0,0,1,39
1,0,0,92,92,0,0,0,0,1,0,0,0,0,0,1,39
1,0,0,79,79,0,0,0,0,1,0,0,0,0,0,1,39
1,0,0,62,62,0,0,0,0,1,0,0,0,0,0,1,39
1,0,0,97,97,0,0,0,0,1,0,0,0,0,0,1,39
1,63.5,69.5449257265218,93,69.5449257265218,4,1,0,0.14,1,0,1,0.730730162287946,0,0,1,39
1,0,0,94,94,0,0,0,0,1,0,0,0,0,0,1,39
1,0,0,91,91,0,0,0,0,1,0,0,0,0,0,1,39
1,0,0,95,95,0,0,0,0,1,0,0,0,0,0,1,39
1,60.5,61.7739528928822,74,61.7739528928822,1,5,0,0.18,1,0,0,0,0,0,1,39
1,0,0,92,92,0,0,0,0,1,0,0,0,0,0,1,39
1,0,0,100,100,0,0,0,0,1,0,0,0,0,0,1,39
1,77.5,77.952366297147,87,77.952366297147,4,6,0,0,1,0,0,0,0,0,1,39
1,0,0,90,90,0,0,0,0,1,0,0,0,0,0,1,39
1,0,0,99,99,0,0,0,0,1,0,0,0,0,0,1,39
1,0,0,62,62,0,0,0,0,1,0,0,0,0,0,1,39
1,0,0,88,88,0,0,0,0,1,0,0,0,0,0,1,39
1,0,0,75,75,0,0,0,0,1,0,0,0,0,0,1,39
1,66.5,86.3288328757391,91,86.3288328757391,3,1,0,0.46,1,0,1,19.8288328757391,0,0,1,39
1,0,0,73,73,0,0,0,0,1,0,0,0,0,0,1,39
1,0,0,86,86,0,0,0,0,1,0,0,0,0,0,1,39
1,0,0,90,90,0,0,0,0,1,0,0,0,0,0,1,39
1,0,0,91,91,0,0,0,0,1,0,0,0,0,0,1,39
1,0,0,66,66,0,0,0,0,1,0,0,0,0,0,1,39
1,0,0,70,70,0,0,0,0,1,0,0,0,0,0,1,39
1,0,0,93,93,0,0,0,0,1,0,0,0,0,0,1,39
1,0,0,90,90,0,0,0,0,1,0,0,0,0,0,1,39
1,0,0,90,90,0,0,0,0,1,0,0,0,0,0,1,39
1,0,0,91,91,0,0,0,0,1,0,0,0,0,0,1,39
1,83.5,83.637708028182,100,83.637708028182,4,6,0,0.14,1,0,0,0,0,0,1,39
1,0,0,86,86,0,0,0,0,1,0,0,0,0,0,1,39
1,0,0,81,81,0,0,0,0,1,0,0,0,0,0,1,39
1,0,0,91,91,0,0,0,0,1,0,0,0,0,0,1,39
1,0,0,80,80,0,0,0,0,1,0,0,0,0,0,1,39
1,0,0,100,100,0,0,0,0,1,0,0,0,0,0,1,39
1,0,0,88,88,0,0,0,0,1,0,0,0,0,0,1,39
1,0,0,86,86,0,0,0,0,1,0,0,0,0,0,1,39
1,0,0,68,68,0,0,0,0,1,0,0,0,0,0,1,39
1,77.5,100,87,87,3,3,0,0.46,1,0,0,0,0,0,1,39
1,0,0,76,76,0,0,0,0,1,0,0,0,0,0,1,39
1,0,0,100,100,0,0,0,0,1,0,0,0,0,0,1,39
1,0,0,87,87,0,0,0,0,1,0,0,0,0,0,1,39
1,0,0,97,97,0,0,0,0,1,0,0,0,0,0,1,39
1,0,0,88,88,0,0,0,0,1,0,0,0,0,0,1,39
1,69.5,76.4023445255266,91,76.4023445255266,4,1,0,0.14,1,0,1,6.90234452552661,0,0,1,39
1,0,0,78,78,0,0,0,0,1,0,0,0,0,0,1,39
1,0,0,88,88,0,0,0,0,1,0,0,0,0,0,1,39
1,0,0,82,82,0,0,0,0,1,0,0,0,0,0,1,39
1,0,0,67,67,0,0,0,0,1,0,0,0,0,0,1,39
1,0,0,99,99,0,0,0,0,1,0,0,0,0,0,1,39
1,0,0,91,91,0,0,0,0,1,0,0,0,0,0,1,39
1,0,0,79,79,0,0,0,0,1,0,0,0,0,0,1,39
1,90.5,92.1551196777448,92,92,2,6,0,0.28,1,0,0,0,0,0,1,39
1,0,0,67,67,0,0,0,0,1,0,0,0,0,0,1,39
1,0,0,73,73,0,0,0,0,1,0,0,0,0,0,1,39
1,0,0,60,60,0,0,0,0,1,0,0,0,0,0,1,39
1,0,0,59,59,0,0,0,0,1,0,0,0,0,0,1,39
1,0,0,61,61,0,0,0,0,1,0,0,0,0,0,1,39
1,0,0,91,91,0,0,0,0,1,0,0,0,0,0,1,39
1,0,0,85,85,0,0,0,0,1,0,0,0,0,0,1,39
1,0,0,85,85,0,0,0,0,1,0,0,0,0,0,1,39
1,0,0,63,63,0,0,0,0,1,0,0,0,0,0,1,39
1,66.5,73.6293134946314,93,73.6293134946314,1,6,0,0.28,1,0,0,0,0,0,1,39
1,0,0,87,87,0,0,0,0,1,0,0,0,0,0,1,39
1,0,0,99,99,0,0,0,0,1,0,0,0,0,0,1,39
1,0,0,94,94,0,0,0,0,1,0,0,0,0,0,1,39
1,0,0,76,76,0,0,0,0,1,0,0,0,0,0,1,39
1,0,0,73,73,0,0,0,0,1,0,0,0,0,0,1,39
1,0,0,90,90,0,0,0,0,1,0,0,0,0,0,1,39
1,0,0,96,96,0,0,0,0,1,0,0,0,0,0,1,39
1,91,0,91,91,2,1,0,0,1,1,0,0,0,0,1,39
1,0,0,94,94,0,0,0,0,1,0,0,0,0,0,1,39
1,0,0,88,88,0,0,0,0,1,0,0,0,0,0,1,39
1,0,0,76,76,0,0,0,0,1,0,0,0,0,0,1,39
1,0,0,66,66,0,0,0,0,1,0,0,0,0,0,1,39
1,0,0,81,81,0,0,0,0,1,0,0,0,0,0,1,39
1,0,0,92,92,0,0,0,0,1,0,0,0,0,0,1,39
1,0,0,85,85,0,0,0,0,1,0,0,0,0,0,1,39
1,75.5,75.8921869878287,81,75.8921869878287,4,6,0,0.28,1,0,0,0,0,0,1,39
1,0,0,89,89,0,0,0,0,1,0,0,0,0,0,1,39
1,0,0,96,96,0,0,0,0,1,0,0,0,0,0,1,39
1,79,0,79,79,2,1,0,0,1,1,0,0,0,0,1,39
1,0,0,91,91,0,0,0,0,1,0,0,0,0,0,1,39
1,0,0,61,61,0,0,0,0,1,0,0,0,0,0,1,39
1,0,0,82,82,0,0,0,0,1,0,0,0,0,0,1,39
1,0,0,66,66,0,0,0,0,1,0,0,0,0,0,1,39
1,0,0,83,83,0,0,0,0,1,0,0,0,0,0,1,39
1,85.5,86.0911480162843,88,86.0911480162843,4,6,0,0.14,1,0,0,0,0,0,1,39
1,0,0,73,73,0,0,0,0,1,0,0,0,0,0,1,39
1,0,0,83,83,0,0,0,0,1,0,0,0,0,0,1,39
1,0,0,89,89,0,0,0,0,1,0,0,0,0,0,1,39
1,0,0,70,70,0,0,0,0,1,0,0,0,0,0,1,39
1,0,0,72,72,0,0,0,0,1,0,0,0,0,0,1,39
1,0,0,93,93,0,0,0,0,1,0,0,0,0,0,1,39
1,0,0,88,88,0,0,0,0,1,0,0,0,0,0,1,39
1,0,0,91,91,0,0,0,0,1,0,0,0,0,0,1,39
1,0,0,85,85,0,0,0,0,1,0,0,0,0,0,1,39
1,0,0,79,79,0,0,0,0,1,0,0,0,0,0,1,39
1,0,0,85,85,0,0,0,0,1,0,0,0,0,0,1,39
2,0,0,65,65,0,0,0,0,1,0,0,0,0,0,1,40
2,85.5,87.9334573565687,100,87.9334573565687,1,2,0,0.14,1,0,0,0,0,0,1,40
2,79.5,80.4561888655682,94,80.4561888655682,4,5,0,0.32,1,0,0,0,0,0,1,40
2,0,0,64,64,0,0,0,0,1,0,0,0,0,0,1,40
2,0,0,76,76,0,0,0,0,1,0,0,0,0,0,1,40
2,0,0,100,100,0,0,0,0,1,0,0,0,0,0,1,40
2,0,0,94,94,0,0,0,0,1,0,0,0,0,0,1,40
2,76.5,80.5378500112226,100,80.5378500112226,4,1,0,0.18,1,0,0,0,0,0,1,40
2,0,0,72,72,0,0,0,0,1,0,0,0,0,0,1,40
2,0,0,96,96,0,0,0,0,1,0,0,0,0,0,1,40
2,0,0,79,79,0,0,0,0,1,0,0,0,0,0,1,40
2,0,0,98,98,0,0,0,0,1,0,0,0,0,0,1,40
2,0,0,81,81,0,0,0,0,1,0,0,0,0,0,1,40
2,0,0,100,100,0,0,0,0,1,0,0,0,0,0,1,40
2,0,0,98,98,0,0,0,0,1,0,0,0,0,0,1,40
2,0,0,91,91,0,0,0,0,1,0,0,0,0,0,1,40
2,0,0,88,88,0,0,0,0,1,0,0,0,0,0,1,40
2,0,0,100,100,0,0,0,0,1,0,0,0,0,0,1,40
2,93.5,94.5691637784468,97,94.5691637784468,2,1,0,0.18,1,0,0,0,0,0,1,40
2,0,0,97,97,0,0,0,0,1,0,0,0,0,0,1,40
2,0,0,78,78,0,0,0,0,1,0,0,0,0,0,1,40
2,0,0,90,90,0,0,0,0,1,0,0,0,0,0,1,40
2,0,0,85,85,0,0,0,0,1,0,0,0,0,0,1,40
2,0,0,100,100,0,0,0,0,1,0,0,0,0,0,1,40
2,0,0,80,80,0,0,0,0,1,0,0,0,0,0,1,40
2,0,0,100,100,0,0,0,0,1,0,0,0,0,0,1,40
2,84.5,84.7540646084416,89,84.7540646084416,2,6,0,0.28,1,0,0,0,0,0,1,40
2,71.5,77.3443272688299,92,77.3443272688299,2,1,0,0.18,1,0,1,5.84432726882993,0,0,1,40
2,0,0,100,100,0,0,0,0,1,0,0,0,0,0,1,40
2,0,0,97,97,0,0,0,0,1,0,0,0,0,0,1,40
2,0,0,100,100,0,0,0,0,1,0,0,0,0,0,1,40
2,0,0,85,85,0,0,0,0,1,0,0,0,0,0,1,40
2,88.5,100,96,96,2,1,0,0.18,1,0,0,0,0,0,1,40
2,0,0,91,91,0,0,0,0,1,0,0,0,0,0,1,40
2,0,0,100,100,0,0,0,0,1,0,0,0,0,0,1,40
2,0,0,94,94,0,0,0,0,1,0,0,0,0,0,1,40
2,0,0,98,98,0,0,0,0,1,0,0,0,0,0,1,40
2,94.5,100,100,100,2,1,0,0.18,1,0,0,0,0,0,1,40
2,0,0,63,63,0,0,0,0,1,0,0,0,0,0,1,40
2,0,0,90,90,0,0,0,0,1,0,0,0,0,0,1,40
2,0,0,100,100,0,0,0,0,1,0,0,0,0,0,1,40
2,0,0,87,87,0,0,0,0,1,0,0,0,0,0,1,40
2,0,0,81,81,0,0,0,0,1,0,0,0,0,0,1,40
2,0,0,82,82,0,0,0,0,1,0,0,0,0,0,1,40
2,0,0,80,80,0,0,0,0,1,0,0,0,0,0,1,40
2,0,0,100,100,0,0,0,0,1,0,0,0,0,0,1,40
2,86.5,86.9556318944619,99,86.9556318944619,2,6,0,0.14,1,0,0,0,0,0,1,40
2,0,0,87,87,0,0,0,0,1,0,0,0,0,0,1,40
2,0,0,80,80,0,0,0,0,1,0,0,0,0,0,1,40
2,0,0,89,89,0,0,0,0,1,0,0,0,0,0,1,40
2,0,0,97,97,0,0,0,0,1,0,0,0,0,0,1,40
2,0,0,92,92,0,0,0,0,1,0,0,0,0,0,1,40
2,0,0,87,87,0,0,0,0,1,0,0,0,0,0,1,40
2,83.5,93.3878645464407,100,93.3878645464407,2,2,0,0,1,0,0,0,0,0,1,40
2,72.5,82.2365051842507,94,82.2365051842507,2,1,0,0.28,1,0,1,3.88401706322434,0,0,1,40
2,0,0,79,79,0,0,0,0,1,0,0,0,0,0,1,40
2,0,0,100,100,0,0,0,0,1,0,0,0,0,0,1,40
2,0,0,71,71,0,0,0,0,1,0,0,0,0,0,1,40
2,0,0,74,74,0,0,0,0,1,0,0,0,0,0,1,40
2,62.5,100,92,92,2,1,0,0.28,1,0,1,248.142189448448,0,0,1,40
2,0,0,92,92,0,0,0,0,1,0,0,0,0,0,1,40
2,0,0,89,89,0,0,0,0,1,0,0,0,0,0,1,40
2,0,0,73,73,0,0,0,0,1,0,0,0,0,0,1,40
2,0,0,100,100,0,0,0,0,1,0,0,0,0,0,1,40
2,0,0,92,92,0,0,0,0,1,0,0,0,0,0,1,40
2,0,0,67,67,0,0,0,0,1,0,0,0,0,0,1,40
2,0,0,92,92,0,0,0,0,1,0,0,0,0,0,1,40
2,0,0,93,93,0,0,0,0,1,0,0,0,0,0,1,40
2,0,0,74,74,0,0,0,0,1,0,0,0,0,0,1,40
2,0,0,69,69,0,0,0,0,1,0,0,0,0,0,1,40
2,0,0,85,85,0,0,0,0,1,0,0,0,0,0,1,40
2,0,0,75,75,0,0,0,0,1,0,0,0,0,0,1,40
2,0,0,87,87,0,0,0,0,1,0,0,0,0,0,1,40
2,0,0,93,93,0,0,0,0,1,0,0,0,0,0,1,40
2,0,0,100,100,0,0,0,0,1,0,0,0,0,0,1,40
2,0,0,100,100,0,0,0,0,1,0,0,0,0,0,1,40
2,0,0,100,100,0,0,0,0,1,0,0,0,0,0,1,40
2,0,0,95,95,0,0,0,0,1,0,0,0,0,0,1,40
2,0,0,96,96,0,0,0,0,1,0,0,0,0,0,1,40
2,0,0,100,100,0,0,0,0,1,0,0,0,0,0,1,40
2,0,0,95,95,0,0,0,0,1,0,0,0,0,0,1,40
2,0,0,100,100,0,0,0,0,1,0,0,0,0,0,1,40
2,0,0,81,81,0,0,0,0,1,0,0,0,0,0,1,40
2,61.5,80.7684152174916,77,77,2,1,0,0.32,1,0,1,19.2684152174916,0,0,1,40
2,0,0,100,100,0,0,0,0,1,0,0,0,0,0,1,40
2,0,0,83,83,0,0,0,0,1,0,0,0,0,0,1,40
2,0,0,100,100,0,0,0,0,1,0,0,0,0,0,1,40
2,0,0,85,85,0,0,0,0,1,0,0,0,0,0,1,40
2,0,0,75,75,0,0,0,0,1,0,0,0,0,0,1,40
2,0,0,100,100,0,0,0,0,1,0,0,0,0,0,1,40
2,0,0,98,98,0,0,0,0,1,0,0,0,0,0,1,40
2,0,0,100,100,0,0,0,0,1,0,0,0,0,0,1,40
2,0,0,100,100,0,0,0,0,1,0,0,0,0,0,1,40
2,0,0,100,100,0,0,0,0,1,0,0,0,0,0,1,40
2,0,0,100,100,0,0,0,0,1,0,0,0,0,0,1,40
2,62.5,65.6183255511116,95,65.6183255511116,4,1,0,0.14,1,0,1,2.81971931034081,0,0,1,40
2,0,0,100,100,0,0,0,0,1,0,0,0,0,0,1,40
2,0,0,95,95,0,0,0,0,1,0,0,0,0,0,1,40
2,0,0,83,83,0,0,0,0,1,0,0,0,0,0,1,40
2,0,0,81,81,0,0,0,0,1,0,0,0,0,0,1,40
2,63.5,63.9302276575966,75,63.9302276575966,4,5,0,0.28,1,0,1,0.266343761290163,0,0,1,40
2,0,0,65,65,0,0,0,0,1,0,0,0,0,0,1,40
2,0,0,100,100,0,0,0,0,1,0,0,0,0,0,1,40
2,0,0,90,90,0,0,0,0,1,0,0,0,0,0,1,40
2,0,0,83,83,0,0,0,0,1,0,0,0,0,0,1,40
2,0,0,82,82,0,0,0,0,1,0,0,0,0,0,1,40
2,0,0,98,98,0,0,0,0,1,0,0,0,0,0,1,40
2,0,0,76,76,0,0,0,0,1,0,0,0,0,0,1,40
2,0,0,100,100,0,0,0,0,1,0,0,0,0,0,1,40
2,0,0,94,94,0,0,0,0,1,0,0,0,0,0,1,40
2,0,0,87,87,0,0,0,0,1,0,0,0,0,0,1,40
2,0,0,91,91,0,0,0,0,1,0,0,0,0,0,1,40
2,0,0,100,100,0,0,0,0,1,0,0,0,0,0,1,40
2,0,0,100,100,0,0,0,0,1,0,0,0,0,0,1,40
2,0,0,70,70,0,0,0,0,1,0,0,0,0,0,1,40
2,0,0,97,97,0,0,0,0,1,0,0,0,0,0,1,40
2,0,0,87,87,0,0,0,0,1,0,0,0,0,0,1,40
2,0,0,82,82,0,0,0,0,1,0,0,0,0,0,1,40
2,0,0,99,99,0,0,0,0,1,0,0,0,0,0,1,40
2,0,0,93,93,0,0,0,0,1,0,0,0,0,0,1,40
2,0,0,100,100,0,0,0,0,1,0,0,0,0,0,1,40
2,0,0,100,100,0,0,0,0,1,0,0,0,0,0,1,40
2,0,0,93,93,0,0,0,0,1,0,0,0,0,0,1,40
2,0,0,100,100,0,0,0,0,1,0,0,0,0,0,1,40
2,0,0,97,97,0,0,0,0,1,0,0,0,0,0,1,40
2,0,0,87,87,0,0,0,0,1,0,0,0,0,0,1,40
2,0,0,69,69,0,0,0,0,1,0,0,0,0,0,1,40
2,0,0,100,100,0,0,0,0,1,0,0,0,0,0,1,40
2,0,0,84,84,0,0,0,0,1,0,0,0,0,0,1,40
2,0,0,93,93,0,0,0,0,1,0,0,0,0,0,1,40
1,0,0,100,100,0,0,0,0,1,0,0,0,0,0,1,34
1,0,0,100,100,0,0,0,0,1,0,0,0,0,0,1,34
1,0,0,79,79,0,0,0,0,1,0,0,0,0,0,1,34
1,0,0,86,86,0,0,0,0,1,0,0,0,0,0,1,34
1,0,0,80,80,0,0,0,0,1,0,0,0,0,0,1,34
1,0,0,89,89,0,0,0,0,1,0,0,0,0,0,1,34
1,0,0,94,94,0,0,0,0,1,0,0,0,0,0,1,34
1,0,0,76,76,0,0,0,0,1,0,0,0,0,0,1,34
1,0,0,92,92,0,0,0,0,1,0,0,0,0,0,1,34
1,0,0,91,91,0,0,0,0,1,0,0,0,0,0,1,34
1,87.5,90.0318226996929,92,90.0318226996929,4,2,0,0.18,1,0,0,0,0,0,1,34
1,0,0,100,100,0,0,0,0,1,0,0,0,0,0,1,34
1,0,0,92,92,0,0,0,0,1,0,0,0,0,0,1,34
1,0,0,80,80,0,0,0,0,1,0,0,0,0,0,1,34
1,0,0,86,86,0,0,0,0,1,0,0,0,0,0,1,34
1,0,0,89,89,0,0,0,0,1,0,0,0,0,0,1,34
1,0,0,100,100,0,0,0,0,1,0,0,0,0,0,1,34
1,0,0,98,98,0,0,0,0,1,0,0,0,0,0,1,34
1,0,0,93,93,0,0,0,0,1,0,0,0,0,0,1,34
1,0,0,89,89,0,0,0,0,1,0,0,0,0,0,1,34
1,0,0,71,71,0,0,0,0,1,0,0,0,0,0,1,34
1,0,0,75,75,0,0,0,0,1,0,0,0,0,0,1,34
1,0,0,100,100,0,0,0,0,1,0,0,0,0,0,1,34
1,0,0,100,100,0,0,0,0,1,0,0,0,0,0,1,34
1,0,0,100,100,0,0,0,0,1,0,0,0,0,0,1,34
1,0,0,80,80,0,0,0,0,1,0,0,0,0,0,1,34
1,0,0,98,98,0,0,0,0,1,0,0,0,0,0,1,34
1,0,0,79,79,0,0,0,0,1,0,0,0,0,0,1,34
1,0,0,89,89,0,0,0,0,1,0,0,0,0,0,1,34
1,0,0,88,88,0,0,0,0,1,0,0,0,0,0,1,34
1,0,0,73,73,0,0,0,0,1,0,0,0,0,0,1,34
1,0,0,92,92,0,0,0,0,1,0,0,0,0,0,1,34
1,0,0,73,73,0,0,0,0,1,0,0,0,0,0,1,34
1,0,0,81,81,0,0,0,0,1,0,0,0,0,0,1,34
1,0,0,100,100,0,0,0,0,1,0,0,0,0,0,1,34
1,0,0,94,94,0,0,0,0,1,0,0,0,0,0,1,34
1,0,0,82,82,0,0,0,0,1,0,0,0,0,0,1,34
1,0,0,76,76,0,0,0,0,1,0,0,0,0,0,0,37
1,0,0,96,96,0,0,0,0,1,0,0,0,0,0,0,37
1,0,0,83,83,0,0,0,0,1,0,0,0,0,0,0,37
1,0,0,90,90,0,0,0,0,1,0,0,0,0,0,0,37
1,0,0,87,87,0,0,0,0,1,0,0,0,0,0,0,37
1,0,0,85,85,0,0,0,0,1,0,0,0,0,0,0,37
1,0,0,91,91,0,0,0,0,1,0,0,0,0,0,0,37
1,0,0,76,76,0,0,0,0,1,0,0,0,0,0,0,37
1,0,0,87,87,0,0,0,0,1,0,0,0,0,0,0,37
1,0,0,74,74,0,0,0,0,1,0,0,0,0,0,0,37
1,0,0,89,89,0,0,0,0,1,0,0,0,0,0,0,37
1,0,0,94,94,0,0,0,0,1,0,0,0,0,0,0,37
1,0,0,91,91,0,0,0,0,1,0,0,0,0,0,0,37
1,0,0,96,96,0,0,0,0,1,0,0,0,0,0,0,37
1,0,0,82,82,0,0,0,0,1,0,0,0,0,0,0,37
1,79.5,79.7563114339128,97,79.7563114339128,2,5,0,0.18,1,0,0,0,0,0,0,37
1,0,0,91,91,0,0,0,0,1,0,0,0,0,0,0,37
1,0,0,89,89,0,0,0,0,1,0,0,0,0,0,0,37
1,0,0,98,98,0,0,0,0,1,0,0,0,0,0,0,37
1,0,0,85,85,0,0,0,0,1,0,0,0,0,0,0,37
1,0,0,74,74,0,0,0,0,1,0,0,0,0,0,0,37
1,0,0,100,100,0,0,0,0,1,0,0,0,0,0,0,37
1,0,0,90,90,0,0,0,0,1,0,0,0,0,0,0,37
1,0,0,84,84,0,0,0,0,1,0,0,0,0,0,0,37
1,0,0,90,90,0,0,0,0,1,0,0,0,0,0,0,37
1,0,0,94,94,0,0,0,0,1,0,0,0,0,0,0,37
1,0,0,69,69,0,0,0,0,1,0,0,0,0,0,0,37
1,0,0,74,74,0,0,0,0,1,0,0,0,0,0,0,37
1,0,0,94,94,0,0,0,0,1,0,0,0,0,0,0,37
1,0,0,92,92,0,0,0,0,1,0,0,0,0,0,0,37
1,0,0,97,97,0,0,0,0,1,0,0,0,0,0,0,37
1,0,0,100,100,0,0,0,0,1,0,0,0,0,0,0,37
1,0,0,94,94,0,0,0,0,1,0,0,0,0,0,0,37
1,0,0,97,97,0,0,0,0,1,0,0,0,0,0,0,37
1,0,0,94,94,0,0,0,0,1,0,0,0,0,0,0,37
1,0,0,100,100,0,0,0,0,1,0,0,0,0,0,0,37
1,0,0,98,98,0,0,0,0,1,0,0,0,0,0,0,37
1,0,0,87,87,0,0,0,0,1,0,0,0,0,0,0,37
1,0,0,93,93,0,0,0,0,1,0,0,0,0,0,0,37
1,0,0,88,88,0,0,0,0,1,0,0,0,0,0,0,37
1,0,0,100,100,0,0,0,0,1,0,0,0,0,0,0,37
1,0,0,73,73,0,0,0,0,1,0,0,0,0,0,0,37
1,0,0,98,98,0,0,0,0,1,0,0,0,0,0,0,37
1,0,0,91,91,0,0,0,0,1,0,0,0,0,0,0,37
1,0,0,100,100,0,0,0,0,1,0,0,0,0,0,0,37
1,0,0,85,85,0,0,0,0,1,0,0,0,0,0,0,37
1,0,0,95,95,0,0,0,0,1,0,0,0,0,0,0,37
1,0,0,89,89,0,0,0,0,1,0,0,0,0,0,0,37
1,0,0,91,91,0,0,0,0,1,0,0,0,0,0,0,37
1,0,0,87,87,0,0,0,0,1,0,0,0,0,0,0,37
1,0,0,94,94,0,0,0,0,1,0,0,0,0,0,0,37
1,0,0,95,95,0,0,0,0,1,0,0,0,0,0,0,37
1,0,0,89,89,0,0,0,0,1,0,0,0,0,0,0,37
1,0,0,72,72,0,0,0,0,1,0,0,0,0,0,0,37
1,0,0,100,100,0,0,0,0,1,0,0,0,0,0,0,37
1,0,0,95,95,0,0,0,0,1,0,0,0,0,0,0,37
1,0,0,77,77,0,0,0,0,1,0,0,0,0,0,0,37
1,0,0,100,100,0,0,0,0,1,0,0,0,0,0,0,37
1,0,0,100,100,0,0,0,0,1,0,0,0,0,0,0,37
1,0,0,89,89,0,0,0,0,1,0,0,0,0,0,0,37
1,0,0,93,93,0,0,0,0,1,0,0,0,0,0,0,37
1,76.5,76.9789510567042,90,76.9789510567042,3,4,0,0.28,1,0,0,0,0,0,0,37
1,0,0,71,71,0,0,0,0,1,0,0,0,0,0,0,37
1,0,0,100,100,0,0,0,0,1,0,0,0,0,0,0,37
1,0,0,86,86,0,0,0,0,1,0,0,0,0,0,0,37
1,0,0,94,94,0,0,0,0,1,0,0,0,0,0,0,37
1,0,0,76,76,0,0,0,0,1,0,0,0,0,0,0,37
1,0,0,92,92,0,0,0,0,1,0,0,0,0,0,0,37
1,0,0,78,78,0,0,0,0,1,0,0,0,0,0,0,37
1,0,0,85,85,0,0,0,0,1,0,0,0,0,0,0,37
1,0,0,90,90,0,0,0,0,1,0,0,0,0,0,0,37
1,0,0,100,100,0,0,0,0,1,0,0,0,0,0,0,37
1,0,0,94,94,0,0,0,0,1,0,0,0,0,0,0,37
1,0,0,100,100,0,0,0,0,1,0,0,0,0,0,0,37
1,0,0,76,76,0,0,0,0,1,0,0,0,0,0,0,37
1,0,0,93,93,0,0,0,0,1,0,0,0,0,0,0,37
1,0,0,93,93,0,0,0,0,1,0,0,0,0,0,0,37
1,0,0,71,71,0,0,0,0,1,0,0,0,0,0,0,37
1,0,0,84,84,0,0,0,0,1,0,0,0,0,0,0,37
1,0,0,91,91,0,0,0,0,1,0,0,0,0,0,0,37
1,0,0,71,71,0,0,0,0,1,0,0,0,0,0,0,37
1,0,0,88,88,0,0,0,0,1,0,0,0,0,0,0,37
1,88.5,88.6009913639495,100,88.6009913639495,4,5,0,0.18,1,0,0,0,0,0,0,37
1,0,0,99,99,0,0,0,0,1,0,0,0,0,0,0,37
1,76.5,87.1257240569552,82,82,2,1,0,0.14,1,0,0,0,0,0,0,37
1,0,0,92,92,0,0,0,0,1,0,0,0,0,0,0,37
1,0,0,85,85,0,0,0,0,1,0,0,0,0,0,0,37
1,0,0,90,90,0,0,0,0,1,0,0,0,0,0,0,37
1,0,0,89,89,0,0,0,0,1,0,0,0,0,0,0,37
1,0,0,78,78,0,0,0,0,1,0,0,0,0,0,0,37
1,0,0,85,85,0,0,0,0,1,0,0,0,0,0,0,37
1,0,0,80,80,0,0,0,0,1,0,0,0,0,0,0,37
1,0,0,86,86,0,0,0,0,1,0,0,0,0,0,0,37
1,0,0,90,90,0,0,0,0,1,0,0,0,0,0,0,37
1,0,0,88,88,0,0,0,0,1,0,0,0,0,0,0,37
1,0,0,81,81,0,0,0,0,1,0,0,0,0,0,0,37
1,0,0,86,86,0,0,0,0,1,0,0,0,0,0,0,37
1,0,0,75,75,0,0,0,0,1,0,0,0,0,0,0,37
1,0,0,82,82,0,0,0,0,1,0,0,0,0,0,0,37
1,0,0,84,84,0,0,0,0,1,0,0,0,0,0,0,37
1,0,0,78,78,0,0,0,0,1,0,0,0,0,0,0,37
1,0,0,90,90,0,0,0,0,1,0,0,0,0,0,0,37
1,0,0,87,87,0,0,0,0,1,0,0,0,0,0,0,37
1,0,0,76,76,0,0,0,0,1,0,0,0,0,0,0,37
1,0,0,70,70,0,0,0,0,1,0,0,0,0,0,0,37
1,0,0,93,93,0,0,0,0,1,0,0,0,0,0,0,37
1,0,0,93,93,0,0,0,0,1,0,0,0,0,0,0,37
1,0,0,100,100,0,0,0,0,1,0,0,0,0,0,0,37
1,0,0,91,91,0,0,0,0,1,0,0,0,0,0,0,37
1,0,0,85,85,0,0,0,0,1,0,0,0,0,0,0,37
1,0,0,73,73,0,0,0,0,1,0,0,0,0,0,0,37
1,0,0,84,84,0,0,0,0,1,0,0,0,0,0,0,37
1,0,0,67,67,0,0,0,0,1,0,0,0,0,0,0,37
1,0,0,87,87,0,0,0,0,1,0,0,0,0,0,0,37
1,0,0,75,75,0,0,0,0,1,0,0,0,0,0,0,37
1,0,0,83,83,0,0,0,0,1,0,0,0,0,0,0,37
1,0,0,73,73,0,0,0,0,1,0,0,0,0,0,0,37
1,0,0,100,100,0,0,0,0,1,0,0,0,0,0,1,48
1,0,0,96,96,0,0,0,0,1,0,0,0,0,0,1,48
1,0,0,94,94,0,0,0,0,1,0,0,0,0,0,1,48
1,0,0,98,98,0,0,0,0,1,0,0,0,0,0,1,48
1,0,0,99,99,0,0,0,0,1,0,0,0,0,0,1,48
1,0,0,96,96,0,0,0,0,1,0,0,0,0,0,1,48
1,0,0,78,78,0,0,0,0,1,0,0,0,0,0,1,48
1,0,0,100,100,0,0,0,0,1,0,0,0,0,0,1,48
1,0,0,88,88,0,0,0,0,1,0,0,0,0,0,1,48
1,0,0,90,90,0,0,0,0,1,0,0,0,0,0,1,48
1,0,0,88,88,0,0,0,0,1,0,0,0,0,0,1,48
1,0,0,84,84,0,0,0,0,1,0,0,0,0,0,1,48
1,0,0,85,85,0,0,0,0,1,0,0,0,0,0,1,48
1,0,0,86,86,0,0,0,0,1,0,0,0,0,0,1,48
1,0,0,100,100,0,0,0,0,1,0,0,0,0,0,1,48
1,0,0,100,100,0,0,0,0,1,0,0,0,0,0,1,48
1,0,0,90,90,0,0,0,0,1,0,0,0,0,0,1,48
1,0,0,100,100,0,0,0,0,1,0,0,0,0,0,1,48
1,0,0,90,90,0,0,0,0,1,0,0,0,0,0,1,48
1,0,0,97,97,0,0,0,0,1,0,0,0,0,0,1,48
1,0,0,100,100,0,0,0,0,1,0,0,0,0,0,1,48
1,0,0,100,100,0,0,0,0,1,0,0,0,0,0,1,48
1,0,0,95,95,0,0,0,0,1,0,0,0,0,0,1,48
1,0,0,87,87,0,0,0,0,1,0,0,0,0,0,1,48
1,0,0,99,99,0,0,0,0,1,0,0,0,0,0,1,48
1,0,0,78,78,0,0,0,0,1,0,0,0,0,0,1,48
1,0,0,100,100,0,0,0,0,1,0,0,0,0,0,1,48
1,0,0,100,100,0,0,0,0,1,0,0,0,0,0,1,48
1,0,0,100,100,0,0,0,0,1,0,0,0,0,0,1,48
1,0,0,81,81,0,0,0,0,1,0,0,0,0,0,1,48
1,0,0,81,81,0,0,0,0,1,0,0,0,0,0,1,48
1,0,0,92,92,0,0,0,0,1,0,0,0,0,0,1,48
1,0,0,100,100,0,0,0,0,1,0,0,0,0,0,1,48
1,0,0,92,92,0,0,0,0,1,0,0,0,0,0,1,48
1,0,0,100,100,0,0,0,0,1,0,0,0,0,0,1,48
1,0,0,92,92,0,0,0,0,1,0,0,0,0,0,1,48
1,0,0,100,100,0,0,0,0,1,0,0,0,0,0,1,48
1,0,0,92,92,0,0,0,0,1,0,0,0,0,0,1,48
1,83.5,83.9407029945066,100,83.9407029945066,1,2,0,0.18,1,0,0,0,0,0,1,48
1,0,0,100,100,0,0,0,0,1,0,0,0,0,0,1,48
1,0,0,96,96,0,0,0,0,1,0,0,0,0,0,1,48
1,0,0,98,98,0,0,0,0,1,0,0,0,0,0,1,48
1,0,0,100,100,0,0,0,0,1,0,0,0,0,0,1,48
1,0,0,80,80,0,0,0,0,1,0,0,0,0,0,1,48
1,0,0,95,95,0,0,0,0,1,0,0,0,0,0,1,48
1,0,0,93,93,0,0,0,0,1,0,0,0,0,0,1,48
1,0,0,92,92,0,0,0,0,1,0,0,0,0,0,1,48
1,0,0,100,100,0,0,0,0,1,0,0,0,0,0,1,48
1,0,0,100,100,0,0,0,0,1,0,0,0,0,0,1,48
1,0,0,94,94,0,0,0,0,1,0,0,0,0,0,1,48
1,0,0,100,100,0,0,0,0,1,0,0,0,0,0,1,48
1,0,0,88,88,0,0,0,0,1,0,0,0,0,0,1,48
1,0,0,91,91,0,0,0,0,1,0,0,0,0,0,1,48
1,0,0,98,98,0,0,0,0,1,0,0,0,0,0,1,48
1,0,0,100,100,0,0,0,0,1,0,0,0,0,0,1,48
1,0,0,94,94,0,0,0,0,1,0,0,0,0,0,1,48
1,0,0,96,96,0,0,0,0,1,0,0,0,0,0,1,48
1,0,0,95,95,0,0,0,0,1,0,0,0,0,0,1,48
1,0,0,91,91,0,0,0,0,1,0,0,0,0,0,1,48
1,0,0,97,97,0,0,0,0,1,0,0,0,0,0,1,48
1,0,0,89,89,0,0,0,0,1,0,0,0,0,0,1,48
1,0,0,89,89,0,0,0,0,1,0,0,0,0,0,1,48
1,0,0,90,90,0,0,0,0,1,0,0,0,0,0,1,48
1,0,0,87,87,0,0,0,0,1,0,0,0,0,0,1,48
1,0,0,91,91,0,0,0,0,1,0,0,0,0,0,1,48
1,0,0,100,100,0,0,0,0,1,0,0,0,0,0,1,48
1,0,0,98,98,0,0,0,0,1,0,0,0,0,0,1,48
1,0,0,100,100,0,0,0,0,1,0,0,0,0,0,1,48
1,0,0,89,89,0,0,0,0,1,0,0,0,0,0,1,48
1,0,0,96,96,0,0,0,0,1,0,0,0,0,0,1,48
1,0,0,100,100,0,0,0,0,1,0,0,0,0,0,1,48
1,0,0,92,92,0,0,0,0,1,0,0,0,0,0,1,48
1,0,0,95,95,0,0,0,0,1,0,0,0,0,0,1,48
2,0,0,78,78,0,0,0,0,1,0,0,0,0,0,1,54
2,0,0,88,88,0,0,0,0,1,0,0,0,0,0,1,54
2,0,0,88,88,0,0,0,0,1,0,0,0,0,0,1,54
2,0,0,82,82,0,0,0,0,1,0,0,0,0,0,1,54
2,0,0,82,82,0,0,0,0,1,0,0,0,0,0,1,54
2,0,0,93,93,0,0,0,0,1,0,0,0,0,0,1,54
2,0,0,93,93,0,0,0,0,1,0,0,0,0,0,1,54
2,0,0,88,88,0,0,0,0,1,0,0,0,0,0,1,54
2,0,0,78,78,0,0,0,0,1,0,0,0,0,0,1,54
2,0,0,88,88,0,0,0,0,1,0,0,0,0,0,1,54
2,0,0,100,100,0,0,0,0,1,0,0,0,0,0,1,54
2,0,0,91,91,0,0,0,0,1,0,0,0,0,0,1,54
2,75.5,76.3805733871659,100,76.3805733871659,3,6,0,0.28,1,0,1,0.880573387165861,0,0,1,54
2,0,0,95,95,0,0,0,0,1,0,0,0,0,0,1,54
2,0,0,85,85,0,0,0,0,1,0,0,0,0,0,1,54
2,86.5,88.1295307676713,91,88.1295307676713,2,3,0,0.32,1,0,0,0,0,0,1,54
2,78,78,97,78,4,2,0,0,1,0,1,0,1,0,1,54
2,0,0,92,92,0,0,0,0,1,0,0,0,0,0,1,54
2,0,0,100,100,0,0,0,0,1,0,0,0,0,0,1,54
2,0,0,81,81,0,0,0,0,1,0,0,0,0,0,1,54
2,0,0,100,100,0,0,0,0,1,0,0,0,0,0,1,54
2,74.5,75.3547375187448,82,75.3547375187448,4,6,0,0.14,1,0,1,0.854737518744809,0,0,1,54
2,0,0,81,81,0,0,0,0,1,0,0,0,0,0,1,54
2,0,0,76,76,0,0,0,0,1,0,0,0,0,0,1,54
2,0,0,92,92,0,0,0,0,1,0,0,0,0,0,1,54
2,0,0,89,89,0,0,0,0,1,0,0,0,0,0,1,54
2,0,0,99,99,0,0,0,0,1,0,0,0,0,0,1,54
2,77.5,100,91,91,2,2,0,0,1,0,1,57.1010491890128,0,0,1,54
2,0,0,95,95,0,0,0,0,1,0,0,0,0,0,1,54
2,0,0,86,86,0,0,0,0,1,0,0,0,0,0,1,54
2,0,0,88,88,0,0,0,0,1,0,0,0,0,0,1,54
2,0,0,87,87,0,0,0,0,1,0,0,0,0,0,1,54
2,0,0,91,91,0,0,0,0,1,0,0,0,0,0,1,54
2,79.5,85.2162842403123,92,85.2162842403123,4,1,0,0.18,1,0,1,0.614412869916727,0,0,1,54
2,0,0,93,93,0,0,0,0,1,0,0,0,0,0,1,54
2,0,0,90,90,0,0,0,0,1,0,0,0,0,0,1,54
2,0,0,81,81,0,0,0,0,1,0,0,0,0,0,1,54
2,0,0,97,97,0,0,0,0,1,0,0,0,0,0,1,54
2,0,0,80,80,0,0,0,0,1,0,0,0,0,0,1,54
2,0,0,94,94,0,0,0,0,1,0,0,0,0,0,1,54
2,0,0,85,85,0,0,0,0,1,0,0,0,0,0,1,54
2,0,0,95,95,0,0,0,0,1,0,0,0,0,0,1,54
2,0,0,90,90,0,0,0,0,1,0,0,0,0,0,1,54
2,0,0,97,97,0,0,0,0,1,0,0,0,0,0,1,54
2,0,0,81,81,0,0,0,0,1,0,0,0,0,0,1,54
2,0,0,82,82,0,0,0,0,1,0,0,0,0,0,1,54
2,93.5,94.8506736536174,98,94.8506736536174,4,5,0,0.32,1,0,0,0,0,0,1,54
2,91.5,91.5773013308665,97,91.5773013308665,4,6,0,0.14,1,0,0,0,0,0,1,54
2,0,0,95,95,0,0,0,0,1,0,0,0,0,0,1,54
2,0,0,93,93,0,0,0,0,1,0,0,0,0,0,1,42
2,68.5,100,85,85,2,1,0,0.14,1,0,1,385.719034782903,0,0,1,42
2,0,0,83,83,0,0,0,0,1,0,0,0,0,0,1,42
2,0,0,70,70,0,0,0,0,1,0,0,0,0,0,1,42
2,0,0,70,70,0,0,0,0,1,0,0,0,0,0,1,42
2,0,0,84,84,0,0,0,0,1,0,0,0,0,0,1,42
2,0,0,81,81,0,0,0,0,1,0,0,0,0,0,1,42
2,60.5,73.7411646911408,86,73.7411646911408,2,1,0,0.18,1,0,1,13.2411646911408,0,0,1,42
2,0,0,71,71,0,0,0,0,1,0,0,0,0,0,1,42
2,0,0,76,76,0,0,0,0,1,0,0,0,0,0,1,42
2,0,0,71,71,0,0,0,0,1,0,0,0,0,0,1,42
2,0,0,87,87,0,0,0,0,1,0,0,0,0,0,1,42
2,0,0,82,82,0,0,0,0,1,0,0,0,0,0,1,42
2,0,0,70,70,0,0,0,0,1,0,0,0,0,0,1,42
2,0,0,74,74,0,0,0,0,1,0,0,0,0,0,1,42
2,59.5,0,63,63,2,1,0,0,1,1,1,0,0,0,1,42
2,0,0,77,77,0,0,0,0,1,0,0,0,0,0,1,42
2,86.5,88.7313723319861,100,88.7313723319861,2,1,0,0.18,1,0,0,0,0,0,1,42
2,0,0,89,89,0,0,0,0,1,0,0,0,0,0,1,42
2,0,0,63,63,0,0,0,0,1,0,0,0,0,0,1,42
2,0,0,72,72,0,0,0,0,1,0,0,0,0,0,1,42
2,0,0,64,64,0,0,0,0,1,0,0,0,0,0,1,42
2,0,0,100,100,0,0,0,0,1,0,0,0,0,0,1,42
2,0,0,77,77,0,0,0,0,1,0,0,0,0,0,1,42
2,0,0,100,100,0,0,0,0,1,0,0,0,0,0,1,42
2,0,0,79,79,0,0,0,0,1,0,0,0,0,0,1,42
2,0,0,77,77,0,0,0,0,1,0,0,0,0,0,1,42
2,0,0,87,87,0,0,0,0,1,0,0,0,0,0,1,42
2,0,0,74,74,0,0,0,0,1,0,0,0,0,0,1,42
2,65.5,72.0160988963125,71,71,2,1,0,0.18,1,0,0,0,0,0,1,42
2,0,0,93,93,0,0,0,0,1,0,0,0,0,0,1,42
2,0,0,83,83,0,0,0,0,1,0,0,0,0,0,1,42
2,0,0,78,78,0,0,0,0,1,0,0,0,0,0,1,42
2,0,0,77,77,0,0,0,0,1,0,0,0,0,0,1,42
2,0,0,83,83,0,0,0,0,1,0,0,0,0,0,1,42
2,0,0,73,73,0,0,0,0,1,0,0,0,0,0,1,42
2,0,0,90,90,0,0,0,0,1,0,0,0,0,0,1,42
2,60.5,100,82,82,2,1,0,0.28,1,0,1,312.333955932888,0,0,1,42
2,0,0,86,86,0,0,0,0,1,0,0,0,0,0,1,42
2,0,0,80,80,0,0,0,0,1,0,0,0,0,0,1,42
2,0,0,85,85,0,0,0,0,1,0,0,0,0,0,1,42
2,0,0,82,82,0,0,0,0,1,0,0,0,0,0,1,42
2,0,0,92,92,0,0,0,0,1,0,0,0,0,0,1,42
2,0,0,84,84,0,0,0,0,1,0,0,0,0,0,1,42
2,0,0,97,97,0,0,0,0,1,0,0,0,0,0,1,42
2,0,0,67,67,0,0,0,0,1,0,0,0,0,0,1,42
2,0,0,89,89,0,0,0,0,1,0,0,0,0,0,1,42
2,0,0,68,68,0,0,0,0,1,0,0,0,0,0,1,42
2,0,0,68,68,0,0,0,0,1,0,0,0,0,0,1,42
2,0,0,92,92,0,0,0,0,1,0,0,0,0,0,1,42
2,0,0,65,65,0,0,0,0,1,0,0,0,0,0,1,42
2,0,0,77,77,0,0,0,0,1,0,0,0,0,0,1,42
2,0,0,76,76,0,0,0,0,0,0,0,0,0,0,0,27
2,0,0,83,83,0,0,0,0,0,0,0,0,0,0,0,27
2,0,0,90,90,0,0,0,0,0,0,0,0,0,0,0,27
2,0,0,79,79,0,0,0,0,0,0,0,0,0,0,0,27
2,0,0,94,94,0,0,0,0,0,0,0,0,0,0,0,27
2,0,0,55,55,0,0,0,0,0,0,0,0,0,0,0,27
2,0,0,99,99,0,0,0,0,0,0,0,0,0,0,0,27
2,0,0,97,97,0,0,0,0,0,0,0,0,0,0,0,27
2,0,0,93,93,0,0,0,0,0,0,0,0,0,0,0,27
2,0,0,95,95,0,0,0,0,0,0,0,0,0,0,0,27
2,0,0,89,89,0,0,0,0,0,0,0,0,0,0,0,27
2,0,0,100,100,0,0,0,0,0,0,0,0,0,0,0,27
2,0,0,99,99,0,0,0,0,0,0,0,0,0,0,0,27
2,0,0,80,80,0,0,0,0,0,0,0,0,0,0,0,27
2,0,0,72,72,0,0,0,0,0,0,0,0,0,0,0,27
2,0,0,92,92,0,0,0,0,0,0,0,0,0,0,0,27
2,0,0,90,90,0,0,0,0,0,0,0,0,0,0,0,27
2,0,0,95,95,0,0,0,0,0,0,0,0,0,0,0,27
2,0,0,78,78,0,0,0,0,0,0,0,0,0,0,0,27
2,0,0,88,88,0,0,0,0,0,0,0,0,0,0,0,27
2,0,0,100,100,0,0,0,0,0,0,0,0,0,0,0,27
2,0,0,88,88,0,0,0,0,0,0,0,0,0,0,0,27
2,0,0,98,98,0,0,0,0,0,0,0,0,0,0,0,27
2,96.5,96.6047684725928,100,96.6047684725928,4,6,0,0,0,0,0,0,0,0,0,27
2,0,0,98,98,0,0,0,0,0,0,0,0,0,0,0,27
2,0,0,73,73,0,0,0,0,0,0,0,0,0,0,0,27
2,0,0,91,91,0,0,0,0,0,0,0,0,0,0,0,27
2,0,0,80,80,0,0,0,0,0,0,0,0,0,0,0,27
2,0,0,91,91,0,0,0,0,0,0,0,0,0,0,0,27
2,0,0,94,94,0,0,0,0,0,0,0,0,0,0,0,27
2,0,0,90,90,0,0,0,0,0,0,0,0,0,0,0,27
2,0,0,93,93,0,0,0,0,0,0,0,0,0,0,0,27
2,0,0,85,85,0,0,0,0,0,0,0,0,0,0,0,27
2,0,0,61,61,0,0,0,0,0,0,0,0,0,0,0,27
2,0,0,96,96,0,0,0,0,0,0,0,0,0,0,0,27
2,0,0,95,95,0,0,0,0,0,0,0,0,0,0,0,27
2,0,0,63,63,0,0,0,0,0,0,0,0,0,0,0,27
2,63.5,64.8819331842582,82,64.8819331842582,2,6,0,0.14,0,0,0,0,0,0,0,27
2,0,0,82,82,0,0,0,0,0,0,0,0,0,0,0,27
2,0,0,100,100,0,0,0,0,0,0,0,0,0,0,0,27
2,0,0,73,73,0,0,0,0,0,0,0,0,0,0,0,27
2,0,0,70,70,0,0,0,0,0,0,0,0,0,0,0,27
2,0,0,86,86,0,0,0,0,0,0,0,0,0,0,0,27
2,68.5,69.0214455411745,94,69.0214455411745,2,6,0,0.14,0,0,0,0,0,0,0,27
2,0,0,85,85,0,0,0,0,0,0,0,0,0,0,0,27
2,0,0,94,94,0,0,0,0,0,0,0,0,0,0,0,27
2,0,0,92,92,0,0,0,0,0,0,0,0,0,0,0,27
2,0,0,67,67,0,0,0,0,0,0,0,0,0,0,0,27
2,0,0,84,84,0,0,0,0,0,0,0,0,0,0,0,27
2,0,0,71,71,0,0,0,0,0,0,0,0,0,0,0,27
2,0,0,67,67,0,0,0,0,0,0,0,0,0,0,0,27
2,0,0,60,60,0,0,0,0,0,0,0,0,0,0,0,27
2,0,0,63,63,0,0,0,0,0,0,0,0,0,0,0,27
2,0,0,100,100,0,0,0,0,0,0,0,0,0,0,0,27
2,0,0,100,100,0,0,0,0,0,0,0,0,0,0,0,27
2,0,0,91,91,0,0,0,0,0,0,0,0,0,0,0,27
2,0,0,75,75,0,0,0,0,0,0,0,0,0,0,0,27
2,0,0,70,70,0,0,0,0,0,0,0,0,0,0,0,27
2,0,0,100,100,0,0,0,0,0,0,0,0,0,0,0,27
2,0,0,76,76,0,0,0,0,0,0,0,0,0,0,0,27
2,0,0,86,86,0,0,0,0,0,0,0,0,0,0,0,27
2,0,0,93,93,0,0,0,0,0,0,0,0,0,0,0,27
2,0,0,72,72,0,0,0,0,0,0,0,0,0,0,0,27
2,0,0,91,91,0,0,0,0,0,0,0,0,0,0,0,27
2,0,0,54,54,0,0,0,0,0,0,0,0,0,0,0,27
2,0,0,93,93,0,0,0,0,0,0,0,0,0,0,0,27
2,0,0,72,72,0,0,0,0,0,0,0,0,0,0,0,27
2,0,0,95,95,0,0,0,0,0,0,0,0,0,0,0,27
2,0,0,93,93,0,0,0,0,1,0,0,0,0,0,1,51
2,0,0,75,75,0,0,0,0,1,0,0,0,0,0,1,51
2,0,0,94,94,0,0,0,0,1,0,0,0,0,0,1,51
2,0,0,73,73,0,0,0,0,1,0,0,0,0,0,1,51
2,0,0,81,81,0,0,0,0,1,0,0,0,0,0,1,51
2,0,0,92,92,0,0,0,0,1,0,0,0,0,0,1,51
2,0,0,87,87,0,0,0,0,1,0,0,0,0,0,1,51
2,0,0,80,80,0,0,0,0,1,0,0,0,0,0,1,51
2,66.5,76.6635012748197,100,76.6635012748197,2,1,0,0.28,1,0,1,2.25648695178473,0,0,1,51
2,0,0,88,88,0,0,0,0,1,0,0,0,0,0,1,51
2,0,0,84,84,0,0,0,0,1,0,0,0,0,0,1,51
2,69.5,76.8784423850661,94,76.8784423850661,2,1,0,0.14,1,0,1,2.10112384773554,0,0,1,51
2,0,0,75,75,0,0,0,0,1,0,0,0,0,0,1,51
2,0,0,87,87,0,0,0,0,1,0,0,0,0,0,1,51
2,0,0,98,98,0,0,0,0,1,0,0,0,0,0,1,51
2,0,0,100,100,0,0,0,0,1,0,0,0,0,0,1,51
2,0,0,68,68,0,0,0,0,1,0,0,0,0,0,1,51
2,69.5,69.6939991652732,75,69.6939991652732,1,5,0,0.32,1,0,0,0,0,0,1,51
2,0,0,98,98,0,0,0,0,1,0,0,0,0,0,1,51
2,0,0,94,94,0,0,0,0,1,0,0,0,0,0,1,51
2,0,0,72,72,0,0,0,0,1,0,0,0,0,0,1,51
2,0,0,92,92,0,0,0,0,1,0,0,0,0,0,1,51
2,0,0,87,87,0,0,0,0,1,0,0,0,0,0,1,51
2,72.5,75.2106313425896,85,75.2106313425896,2,3,0,0.14,1,0,1,0.316049703412845,0,0,1,51
2,0,0,71,71,0,0,0,0,1,0,0,0,0,0,1,51
2,0,0,88,88,0,0,0,0,1,0,0,0,0,0,1,51
2,0,0,84,84,0,0,0,0,1,0,0,0,0,0,1,51
2,0,0,89,89,0,0,0,0,1,0,0,0,0,0,1,51
2,92,0,92,92,2,1,0,0,1,1,0,0,0,0,1,51
2,0,0,89,89,0,0,0,0,1,0,0,0,0,0,1,51
2,0,0,68,68,0,0,0,0,1,0,0,0,0,0,1,51
2,0,0,91,91,0,0,0,0,1,0,0,0,0,0,1,51
2,74.5,97.2371322629707,93,93,3,1,0,0.18,1,0,1,22.7371322629707,0,0,1,51
2,0,0,91,91,0,0,0,0,1,0,0,0,0,0,1,51
2,0,0,86,86,0,0,0,0,1,0,0,0,0,0,1,51
2,0,0,100,100,0,0,0,0,1,0,0,0,0,0,1,51
2,88.5,90.9490443406426,89,89,2,1,0,0.18,1,0,0,0,0,0,1,51
2,0,0,70,70,0,0,0,0,1,0,0,0,0,0,1,51
2,0,0,85,85,0,0,0,0,1,0,0,0,0,0,1,51
2,0,0,94,94,0,0,0,0,1,0,0,0,0,0,1,51
2,0,0,81,81,0,0,0,0,1,0,0,0,0,0,1,51
2,0,0,78,78,0,0,0,0,1,0,0,0,0,0,1,51
2,0,0,88,88,0,0,0,0,1,0,0,0,0,0,1,51
2,0,0,93,93,0,0,0,0,1,0,0,0,0,0,1,51
2,0,0,89,89,0,0,0,0,1,0,0,0,0,0,1,51
2,0,0,83,83,0,0,0,0,1,0,0,0,0,0,1,51
2,0,0,85,85,0,0,0,0,1,0,0,0,0,0,1,51
2,0,0,91,91,0,0,0,0,1,0,0,0,0,0,1,51
2,0,0,100,100,0,0,0,0,1,0,0,0,0,0,1,51
2,67.5,100,95,95,2,1,0,0.14,1,0,1,92.4705301415538,0,0,1,51
2,0,0,95,95,0,0,0,0,1,0,0,0,0,0,1,51
2,69,69,93,69,1,4,0,0.28,1,0,1,0,1,0,1,51
2,0,0,83,83,0,0,0,0,1,0,0,0,0,0,1,51
2,0,0,95,95,0,0,0,0,1,0,0,0,0,0,1,51
2,0,0,77,77,0,0,0,0,1,0,0,0,0,0,1,51
2,90.5,90.5244335279273,92,90.5244335279273,4,6,0,0.28,1,0,0,0,0,0,1,51
2,0,0,90,90,0,0,0,0,1,0,0,0,0,0,1,51
2,0,0,92,92,0,0,0,0,1,0,0,0,0,0,1,51
2,74.5,76.5767123155731,76,76,1,2,0,0.28,1,0,1,0.185941641505859,0,0,1,51
2,0,0,91,91,0,0,0,0,1,0,0,0,0,0,1,51
2,0,0,74,74,0,0,0,0,1,0,0,0,0,0,1,51
2,0,0,94,94,0,0,0,0,1,0,0,0,0,0,1,51
2,0,0,91,91,0,0,0,0,1,0,0,0,0,0,1,51
2,70.5,97.2935781761379,100,97.2935781761379,4,1,0,0.18,1,0,1,26.7935781761379,0,0,1,51
2,0,0,89,89,0,0,0,0,1,0,0,0,0,0,1,51
2,0,0,97,97,0,0,0,0,1,0,0,0,0,0,1,51
2,0,0,88,88,0,0,0,0,1,0,0,0,0,0,1,51
2,0,0,75,75,0,0,0,0,1,0,0,0,0,0,1,51
2,0,0,88,88,0,0,0,0,1,0,0,0,0,0,1,51
2,0,0,95,95,0,0,0,0,1,0,0,0,0,0,1,51
2,0,0,86,86,0,0,0,0,1,0,0,0,0,0,1,51
2,0,0,77,77,0,0,0,0,1,0,0,0,0,0,1,51
2,0,0,89,89,0,0,0,0,1,0,0,0,0,0,1,51
2,0,0,75,75,0,0,0,0,1,0,0,0,0,0,1,51
2,0,0,95,95,0,0,0,0,1,0,0,0,0,0,1,51
2,0,0,78,78,0,0,0,0,1,0,0,0,0,0,1,51
2,0,0,94,94,0,0,0,0,1,0,0,0,0,0,1,51
2,0,0,79,79,0,0,0,0,1,0,0,0,0,0,1,51
2,0,0,82,82,0,0,0,0,1,0,0,0,0,0,1,51
2,0,0,90,90,0,0,0,0,1,0,0,0,0,0,1,51
2,77.5,100,100,100,3,1,0,0.18,1,0,1,340.811711640333,0,0,1,51
2,0,0,95,95,0,0,0,0,1,0,0,0,0,0,1,51
2,0,0,99,99,0,0,0,0,1,0,0,0,0,0,1,51
2,0,0,100,100,0,0,0,0,1,0,0,0,0,0,1,51
2,0,0,96,96,0,0,0,0,1,0,0,0,0,0,1,51
2,0,0,92,92,0,0,0,0,1,0,0,0,0,0,1,51
2,0,0,79,79,0,0,0,0,1,0,0,0,0,0,1,51
1,0,0,84,84,0,0,0,0,0,0,0,0,0,0,0,40
1,0,0,89,89,0,0,0,0,0,0,0,0,0,0,0,40
1,0,0,68,68,0,0,0,0,0,0,0,0,0,0,0,40
1,0,0,95,95,0,0,0,0,0,0,0,0,0,0,0,40
1,0,0,80,80,0,0,0,0,0,0,0,0,0,0,0,40
1,0,0,96,96,0,0,0,0,0,0,0,0,0,0,0,40
1,0,0,91,91,0,0,0,0,0,0,0,0,0,0,0,40
1,0,0,94,94,0,0,0,0,0,0,0,0,0,0,0,40
1,0,0,95,95,0,0,0,0,0,0,0,0,0,0,0,40
1,0,0,79,79,0,0,0,0,0,0,0,0,0,0,0,40
1,0,0,92,92,0,0,0,0,0,0,0,0,0,0,0,40
1,0,0,93,93,0,0,0,0,0,0,0,0,0,0,0,40
1,0,0,67,67,0,0,0,0,0,0,0,0,0,0,0,40
1,0,0,100,100,0,0,0,0,0,0,0,0,0,0,0,40
1,86.5,90.618765148778,87,87,2,1,0,0.18,0,0,0,0,0,0,0,40
1,77.5,89.2809891097179,89,89,2,2,0,0.18,0,0,0,0,0,0,0,40
1,0,0,88,88,0,0,0,0,0,0,0,0,0,0,0,40
1,0,0,80,80,0,0,0,0,0,0,0,0,0,0,0,40
1,0,0,78,78,0,0,0,0,0,0,0,0,0,0,0,40
1,0,0,83,83,0,0,0,0,0,0,0,0,0,0,0,40
1,0,0,68,68,0,0,0,0,0,0,0,0,0,0,0,40
1,0,0,95,95,0,0,0,0,0,0,0,0,0,0,0,40
1,0,0,82,82,0,0,0,0,0,0,0,0,0,0,0,40
1,0,0,81,81,0,0,0,0,0,0,0,0,0,0,0,40
1,0,0,75,75,0,0,0,0,0,0,0,0,0,0,0,40
1,0,0,93,93,0,0,0,0,0,0,0,0,0,0,0,40
1,0,0,71,71,0,0,0,0,0,0,0,0,0,0,0,40
1,0,0,84,84,0,0,0,0,0,0,0,0,0,0,0,40
1,0,0,81,81,0,0,0,0,0,0,0,0,0,0,0,40
1,0,0,90,90,0,0,0,0,0,0,0,0,0,0,0,40
1,0,0,73,73,0,0,0,0,0,0,0,0,0,0,0,40
1,0,0,79,79,0,0,0,0,0,0,0,0,0,0,0,40
1,0,0,80,80,0,0,0,0,0,0,0,0,0,0,0,40
2,95.5,100,100,100,1,6,0,0.14,1,0,0,0,0,0,1,42
2,0,0,100,100,0,0,0,0,1,0,0,0,0,0,1,42
2,0,0,88,88,0,0,0,0,1,0,0,0,0,0,1,42
2,0,0,88,88,0,0,0,0,1,0,0,0,0,0,1,42
2,0,0,94,94,0,0,0,0,1,0,0,0,0,0,1,42
2,0,0,100,100,0,0,0,0,1,0,0,0,0,0,1,42
2,0,0,89,89,0,0,0,0,1,0,0,0,0,0,1,42
2,0,0,83,83,0,0,0,0,1,0,0,0,0,0,1,42
2,0,0,91,91,0,0,0,0,1,0,0,0,0,0,1,42
2,86.5,86.6983425209749,93,86.6983425209749,4,4,0,0.18,1,0,0,0,0,0,1,42
2,0,0,98,98,0,0,0,0,1,0,0,0,0,0,1,42
2,0,0,93,93,0,0,0,0,1,0,0,0,0,0,1,42
2,88.5,88.6324161062921,100,88.6324161062921,1,5,0,0.18,1,0,0,0,0,0,1,42
2,0,0,100,100,0,0,0,0,1,0,0,0,0,0,1,42
2,85.5,87.8500239176032,100,87.8500239176032,2,3,0,0.32,1,0,0,0,0,0,1,42
2,0,0,97,97,0,0,0,0,1,0,0,0,0,0,1,42
2,91.5,91.5752902474063,100,91.5752902474063,4,6,0,0.28,1,0,0,0,0,0,1,42
2,0,0,100,100,0,0,0,0,1,0,0,0,0,0,1,42
2,0,0,93,93,0,0,0,0,1,0,0,0,0,0,1,42
2,0,0,83,83,0,0,0,0,1,0,0,0,0,0,1,42
2,0,0,81,81,0,0,0,0,1,0,0,0,0,0,1,42
2,0,0,99,99,0,0,0,0,1,0,0,0,0,0,1,42
2,0,0,92,92,0,0,0,0,1,0,0,0,0,0,1,42
2,0,0,91,91,0,0,0,0,1,0,0,0,0,0,1,42
2,0,0,91,91,0,0,0,0,1,0,0,0,0,0,1,42
2,0,0,91,91,0,0,0,0,1,0,0,0,0,0,1,42
2,0,0,100,100,0,0,0,0,1,0,0,0,0,0,1,42
2,92.5,93.2624775591965,100,93.2624775591965,4,4,0,0.28,1,0,0,0,0,0,1,42
2,0,0,98,98,0,0,0,0,1,0,0,0,0,0,1,42
2,0,0,98,98,0,0,0,0,1,0,0,0,0,0,1,42
2,0,0,88,88,0,0,0,0,1,0,0,0,0,0,1,42
2,0,0,96,96,0,0,0,0,1,0,0,0,0,0,1,42
2,0,0,86,86,0,0,0,0,1,0,0,0,0,0,1,42
2,0,0,93,93,0,0,0,0,1,0,0,0,0,0,1,42
2,0,0,82,82,0,0,0,0,1,0,0,0,0,0,1,42
2,0,0,100,100,0,0,0,0,1,0,0,0,0,0,1,42
2,0,0,100,100,0,0,0,0,1,0,0,0,0,0,1,42
2,0,0,88,88,0,0,0,0,1,0,0,0,0,0,1,42
2,0,0,98,98,0,0,0,0,1,0,0,0,0,0,1,42
2,0,0,99,99,0,0,0,0,1,0,0,0,0,0,1,42
2,0,0,99,99,0,0,0,0,1,0,0,0,0,0,1,42
2,0,0,87,87,0,0,0,0,1,0,0,0,0,0,1,42
2,0,0,98,98,0,0,0,0,1,0,0,0,0,0,1,42
2,0,0,84,84,0,0,0,0,1,0,0,0,0,0,1,42
2,0,0,93,93,0,0,0,0,1,0,0,0,0,0,1,42
2,0,0,89,89,0,0,0,0,1,0,0,0,0,0,1,42
2,0,0,88,88,0,0,0,0,1,0,0,0,0,0,1,42
2,0,0,95,95,0,0,0,0,1,0,0,0,0,0,1,42
2,0,0,90,90,0,0,0,0,1,0,0,0,0,0,1,42
2,0,0,97,97,0,0,0,0,1,0,0,0,0,0,1,42
2,0,0,92,92,0,0,0,0,1,0,0,0,0,0,1,42
2,92.5,100,100,100,4,2,0,0.18,1,0,0,0,0,0,1,42
2,0,0,88,88,0,0,0,0,1,0,0,0,0,0,1,42
2,92.5,92.6549728707263,96,92.6549728707263,4,6,0,0.46,1,0,0,0,0,0,1,42
2,0,0,96,96,0,0,0,0,1,0,0,0,0,0,1,42
2,0,0,95,95,0,0,0,0,1,0,0,0,0,0,1,42
2,0,0,94,94,0,0,0,0,1,0,0,0,0,0,1,42
2,0,0,100,100,0,0,0,0,1,0,0,0,0,0,1,42
2,83.5,89.1449311185858,85,85,2,1,0,0.18,1,0,0,0,0,0,1,42
2,0,0,94,94,0,0,0,0,1,0,0,0,0,0,1,42
2,0,0,86,86,0,0,0,0,1,0,0,0,0,0,1,42
2,0,0,83,83,0,0,0,0,1,0,0,0,0,0,1,42
2,0,0,90,90,0,0,0,0,1,0,0,0,0,0,1,42
2,94.5,94.7541481277326,97,94.7541481277326,2,6,0,0.28,1,0,0,0,0,0,1,42
2,0,0,87,87,0,0,0,0,1,0,0,0,0,0,1,42
2,0,0,82,82,0,0,0,0,1,0,0,0,0,0,1,42
2,0,0,91,91,0,0,0,0,1,0,0,0,0,0,1,42
2,87.5,90.8776468038278,100,90.8776468038278,2,1,0,0.18,1,0,0,0,0,0,1,42
2,0,0,92,92,0,0,0,0,1,0,0,0,0,0,1,42
2,0,0,83,83,0,0,0,0,1,0,0,0,0,0,1,42
2,0,0,82,82,0,0,0,0,1,0,0,0,0,0,1,42
2,0,0,94,94,0,0,0,0,1,0,0,0,0,0,1,42
2,0,0,95,95,0,0,0,0,1,0,0,0,0,0,1,42
2,0,0,91,91,0,0,0,0,1,0,0,0,0,0,1,42
2,0,0,95,95,0,0,0,0,1,0,0,0,0,0,1,42
2,0,0,89,89,0,0,0,0,1,0,0,0,0,0,1,45
2,0,0,72,72,0,0,0,0,1,0,0,0,0,0,1,45
2,69.5,100,75,75,2,2,0,0.32,1,0,1,38.7963807651554,0,0,1,45
2,0,0,83,83,0,0,0,0,1,0,0,0,0,0,1,45
2,0,0,72,72,0,0,0,0,1,0,0,0,0,0,1,45
2,0,0,96,96,0,0,0,0,1,0,0,0,0,0,1,45
2,0,0,91,91,0,0,0,0,1,0,0,0,0,0,1,45
2,0,0,93,93,0,0,0,0,1,0,0,0,0,0,1,45
2,0,0,80,80,0,0,0,0,1,0,0,0,0,0,1,45
2,0,0,92,92,0,0,0,0,1,0,0,0,0,0,1,45
2,0,0,81,81,0,0,0,0,1,0,0,0,0,0,1,45
2,0,0,69,69,0,0,0,0,1,0,0,0,0,0,1,45
2,0,0,85,85,0,0,0,0,1,0,0,0,0,0,1,45
2,0,0,86,86,0,0,0,0,1,0,0,0,0,0,1,45
2,0,0,81,81,0,0,0,0,1,0,0,0,0,0,1,45
2,0,0,86,86,0,0,0,0,1,0,0,0,0,0,1,45
2,0,0,85,85,0,0,0,0,1,0,0,0,0,0,1,45
2,0,0,76,76,0,0,0,0,1,0,0,0,0,0,1,45
2,0,0,91,91,0,0,0,0,1,0,0,0,0,0,1,45
2,0,0,88,88,0,0,0,0,1,0,0,0,0,0,1,45
2,0,0,81,81,0,0,0,0,1,0,0,0,0,0,1,45
2,0,0,90,90,0,0,0,0,1,0,0,0,0,0,1,45
2,0,0,78,78,0,0,0,0,1,0,0,0,0,0,1,45
2,0,0,71,71,0,0,0,0,1,0,0,0,0,0,1,45
2,0,0,73,73,0,0,0,0,1,0,0,0,0,0,1,45
2,0,0,92,92,0,0,0,0,1,0,0,0,0,0,1,45
2,0,0,81,81,0,0,0,0,1,0,0,0,0,0,1,45
2,0,0,79,79,0,0,0,0,1,0,0,0,0,0,1,45
2,0,0,75,75,0,0,0,0,1,0,0,0,0,0,1,45
2,0,0,88,88,0,0,0,0,1,0,0,0,0,0,1,45
2,0,0,89,89,0,0,0,0,1,0,0,0,0,0,1,45
2,0,0,70,70,0,0,0,0,1,0,0,0,0,0,1,45
2,0,0,75,75,0,0,0,0,1,0,0,0,0,0,1,45
2,0,0,86,86,0,0,0,0,1,0,0,0,0,0,1,45
2,0,0,73,73,0,0,0,0,1,0,0,0,0,0,1,45
2,0,0,81,81,0,0,0,0,1,0,0,0,0,0,1,45
2,0,0,77,77,0,0,0,0,1,0,0,0,0,0,1,45
2,0,0,83,83,0,0,0,0,1,0,0,0,0,0,1,45
2,0,0,74,74,0,0,0,0,1,0,0,0,0,0,1,45
2,0,0,85,85,0,0,0,0,1,0,0,0,0,0,1,45
2,0,0,83,83,0,0,0,0,1,0,0,0,0,0,1,45
2,87.5,88.0248930037316,89,88.0248930037316,2,6,0,0.14,1,0,0,0,0,0,1,45
2,0,0,79,79,0,0,0,0,1,0,0,0,0,0,1,45
2,0,0,88,88,0,0,0,0,1,0,0,0,0,0,1,45
2,0,0,95,95,0,0,0,0,1,0,0,0,0,0,1,45
2,0,0,88,88,0,0,0,0,1,0,0,0,0,0,1,45
2,0,0,80,80,0,0,0,0,1,0,0,0,0,0,1,45
2,75.5,80.4145757749397,80,80,1,1,0,0.14,1,0,1,4.91457577493969,0,0,1,45
2,0,0,85,85,0,0,0,0,1,0,0,0,0,0,1,45
2,0,0,86,86,0,0,0,0,1,0,0,0,0,0,1,45
2,0,0,73,73,0,0,0,0,1,0,0,0,0,0,1,45
2,0,0,82,82,0,0,0,0,1,0,0,0,0,0,1,45
2,0,0,86,86,0,0,0,0,1,0,0,0,0,0,1,45
2,0,0,83,83,0,0,0,0,1,0,0,0,0,0,1,45
2,0,0,93,93,0,0,0,0,1,0,0,0,0,0,1,45
2,0,0,86,86,0,0,0,0,1,0,0,0,0,0,1,45
2,0,0,82,82,0,0,0,0,1,0,0,0,0,0,1,45
2,0,0,84,84,0,0,0,0,1,0,0,0,0,0,1,45
2,0,0,79,79,0,0,0,0,1,0,0,0,0,0,1,45
2,0,0,85,85,0,0,0,0,1,0,0,0,0,0,1,45
2,0,0,90,90,0,0,0,0,1,0,0,0,0,0,1,45
2,0,0,77,77,0,0,0,0,1,0,0,0,0,0,1,45
2,0,0,86,86,0,0,0,0,1,0,0,0,0,0,1,45
2,0,0,88,88,0,0,0,0,1,0,0,0,0,0,1,45
2,0,0,80,80,0,0,0,0,1,0,0,0,0,0,1,45
2,0,0,73,73,0,0,0,0,1,0,0,0,0,0,1,45
2,0,0,82,82,0,0,0,0,1,0,0,0,0,0,1,45
2,0,0,71,71,0,0,0,0,1,0,0,0,0,0,1,45
2,0,0,88,88,0,0,0,0,1,0,0,0,0,0,1,45
2,0,0,86,86,0,0,0,0,1,0,0,0,0,0,1,45
2,0,0,82,82,0,0,0,0,1,0,0,0,0,0,1,45
2,0,0,86,86,0,0,0,0,1,0,0,0,0,0,1,45
2,0,0,83,83,0,0,0,0,1,0,0,0,0,0,1,45
2,0,0,80,80,0,0,0,0,1,0,0,0,0,0,1,45
2,0,0,89,89,0,0,0,0,1,0,0,0,0,0,1,45
2,0,0,78,78,0,0,0,0,1,0,0,0,0,0,1,45
2,0,0,86,86,0,0,0,0,1,0,0,0,0,0,1,45
2,0,0,75,75,0,0,0,0,1,0,0,0,0,0,1,45
2,0,0,84,84,0,0,0,0,1,0,0,0,0,0,1,45
2,0,0,89,89,0,0,0,0,1,0,0,0,0,0,1,45
2,0,0,79,79,0,0,0,0,1,0,0,0,0,0,1,45
2,68.5,100,89,89,2,1,0,0.28,1,0,1,50.8518245881278,0,0,1,45
2,0,0,75,75,0,0,0,0,1,0,0,0,0,0,1,45
2,0,0,89,89,0,0,0,0,1,0,0,0,0,0,1,45
2,81.5,82.0745618516779,97,82.0745618516779,1,6,0,0.14,1,0,0,0,0,0,1,45
2,0,0,89,89,0,0,0,0,1,0,0,0,0,0,1,45
2,0,0,75,75,0,0,0,0,1,0,0,0,0,0,1,45
2,0,0,75,75,0,0,0,0,1,0,0,0,0,0,1,45
2,0,0,82,82,0,0,0,0,1,0,0,0,0,0,1,45
2,0,0,83,83,0,0,0,0,1,0,0,0,0,0,1,45
2,0,0,87,87,0,0,0,0,1,0,0,0,0,0,1,45
2,0,0,71,71,0,0,0,0,1,0,0,0,0,0,1,45
2,77.5,77.6195932020834,88,77.6195932020834,2,6,0,0,1,0,0,0,0,0,1,45
2,0,0,77,77,0,0,0,0,1,0,0,0,0,0,1,45
2,0,0,93,93,0,0,0,0,1,0,0,0,0,0,1,45
2,0,0,94,94,0,0,0,0,1,0,0,0,0,0,1,45
2,0,0,75,75,0,0,0,0,1,0,0,0,0,0,1,45
2,0,0,77,77,0,0,0,0,1,0,0,0,0,0,1,45
2,0,0,75,75,0,0,0,0,1,0,0,0,0,0,1,45
2,0,0,94,94,0,0,0,0,1,0,0,0,0,0,1,45
2,0,0,80,80,0,0,0,0,1,0,0,0,0,0,1,45
2,0,0,74,74,0,0,0,0,1,0,0,0,0,0,1,45
2,0,0,89,89,0,0,0,0,1,0,0,0,0,0,1,45
2,0,0,83,83,0,0,0,0,1,0,0,0,0,0,1,45
2,0,0,89,89,0,0,0,0,1,0,0,0,0,0,1,45
2,0,0,89,89,0,0,0,0,1,0,0,0,0,0,1,45
2,0,0,83,83,0,0,0,0,1,0,0,0,0,0,1,45
2,0,0,70,70,0,0,0,0,1,0,0,0,0,0,1,45
2,0,0,79,79,0,0,0,0,1,0,0,0,0,0,1,45
2,0,0,81,81,0,0,0,0,1,0,0,0,0,0,1,45
2,0,0,72,72,0,0,0,0,1,0,0,0,0,0,1,45
2,0,0,87,87,0,0,0,0,1,0,0,0,0,0,1,45
2,0,0,86,86,0,0,0,0,1,0,0,0,0,0,1,45
2,0,0,73,73,0,0,0,0,1,0,0,0,0,0,1,45
2,0,0,71,71,0,0,0,0,1,0,0,0,0,0,1,45
2,0,0,83,83,0,0,0,0,1,0,0,0,0,0,1,45
1,0,0,84,84,0,0,0,0,0,0,0,0,0,0,0,41
1,0,0,86,86,0,0,0,0,0,0,0,0,0,0,0,41
1,0,0,67,67,0,0,0,0,0,0,0,0,0,0,0,41
1,0,0,78,78,0,0,0,0,0,0,0,0,0,0,0,41
1,0,0,73,73,0,0,0,0,0,0,0,0,0,0,0,41
1,0,0,85,85,0,0,0,0,0,0,0,0,0,0,0,41
1,0,0,66,66,0,0,0,0,0,0,0,0,0,0,0,41
1,0,0,92,92,0,0,0,0,0,0,0,0,0,0,0,41
1,0,0,69,69,0,0,0,0,0,0,0,0,0,0,0,41
1,0,0,92,92,0,0,0,0,0,0,0,0,0,0,0,41
1,0,0,70,70,0,0,0,0,0,0,0,0,0,0,0,41
1,0,0,75,75,0,0,0,0,0,0,0,0,0,0,0,41
1,0,0,77,77,0,0,0,0,0,0,0,0,0,0,0,41
1,0,0,78,78,0,0,0,0,0,0,0,0,0,0,0,41
1,0,0,85,85,0,0,0,0,0,0,0,0,0,0,0,41
1,0,0,89,89,0,0,0,0,0,0,0,0,0,0,0,41
1,0,0,77,77,0,0,0,0,0,0,0,0,0,0,0,41
1,0,0,74,74,0,0,0,0,0,0,0,0,0,0,0,41
1,0,0,72,72,0,0,0,0,0,0,0,0,0,0,0,41
1,0,0,73,73,0,0,0,0,0,0,0,0,0,0,0,41
1,0,0,86,86,0,0,0,0,0,0,0,0,0,0,0,41
1,0,0,82,82,0,0,0,0,0,0,0,0,0,0,0,41
1,0,0,73,73,0,0,0,0,0,0,0,0,0,0,0,41
1,0,0,72,72,0,0,0,0,0,0,0,0,0,0,0,41
1,0,0,97,97,0,0,0,0,0,0,0,0,0,0,0,41
1,0,0,77,77,0,0,0,0,0,0,0,0,0,0,0,41
1,76.5,76.9629645598876,85,76.9629645598876,4,3,0,0.32,0,0,0,0,0,0,0,41
1,0,0,71,71,0,0,0,0,0,0,0,0,0,0,0,41
1,0,0,82,82,0,0,0,0,0,0,0,0,0,0,0,41
1,0,0,71,71,0,0,0,0,0,0,0,0,0,0,0,41
1,0,0,87,87,0,0,0,0,0,0,0,0,0,0,0,41
1,0,0,67,67,0,0,0,0,0,0,0,0,0,0,0,41
1,0,0,73,73,0,0,0,0,0,0,0,0,0,0,0,41
1,0,0,87,87,0,0,0,0,0,0,0,0,0,0,0,41
1,0,0,79,79,0,0,0,0,0,0,0,0,0,0,0,41
1,0,0,75,75,0,0,0,0,0,0,0,0,0,0,0,41
1,0,0,78,78,0,0,0,0,0,0,0,0,0,0,0,41
1,0,0,75,75,0,0,0,0,0,0,0,0,0,0,0,41
1,0,0,79,79,0,0,0,0,0,0,0,0,0,0,0,41
1,0,0,93,93,0,0,0,0,0,0,0,0,0,0,0,41
1,0,0,72,72,0,0,0,0,0,0,0,0,0,0,0,41
1,0,0,93,93,0,0,0,0,0,0,0,0,0,0,0,41
1,0,0,95,95,0,0,0,0,0,0,0,0,0,0,0,41
1,0,0,77,77,0,0,0,0,0,0,0,0,0,0,0,41
1,0,0,86,86,0,0,0,0,0,0,0,0,0,0,0,41
1,0,0,69,69,0,0,0,0,0,0,0,0,0,0,0,41
1,0,0,75,75,0,0,0,0,0,0,0,0,0,0,0,41
1,0,0,69,69,0,0,0,0,0,0,0,0,0,0,0,41
1,0,0,79,79,0,0,0,0,0,0,0,0,0,0,0,41
1,0,0,93,93,0,0,0,0,0,0,0,0,0,0,0,22
1,0,0,92,92,0,0,0,0,0,0,0,0,0,0,0,22
1,0,0,93,93,0,0,0,0,0,0,0,0,0,0,0,22
1,0,0,76,76,0,0,0,0,0,0,0,0,0,0,0,22
1,83.5,83.8055570056841,96,83.8055570056841,4,6,0,0.28,0,0,0,0,0,0,0,22
1,0,0,67,67,0,0,0,0,0,0,0,0,0,0,0,22
1,0,0,80,80,0,0,0,0,0,0,0,0,0,0,0,22
1,0,0,93,93,0,0,0,0,0,0,0,0,0,0,0,22
1,0,0,87,87,0,0,0,0,0,0,0,0,0,0,0,22
1,0,0,98,98,0,0,0,0,0,0,0,0,0,0,0,22
1,0,0,100,100,0,0,0,0,0,0,0,0,0,0,0,22
1,0,0,100,100,0,0,0,0,0,0,0,0,0,0,0,22
1,67.5,70.1836654042149,80,70.1836654042149,2,3,0,0.28,0,0,0,0,0,0,0,22
1,0,0,86,86,0,0,0,0,0,0,0,0,0,0,0,22
1,0,0,90,90,0,0,0,0,0,0,0,0,0,0,0,22
1,0,0,60,60,0,0,0,0,0,0,0,0,0,0,0,22
1,0,0,92,92,0,0,0,0,0,0,0,0,0,0,0,22
1,77,0,77,77,2,1,0,0,0,1,0,0,0,0,0,22
1,0,0,93,93,0,0,0,0,0,0,0,0,0,0,0,22
1,0,0,100,100,0,0,0,0,0,0,0,0,0,0,0,22
1,0,0,93,93,0,0,0,0,0,0,0,0,0,0,0,22
1,0,0,83,83,0,0,0,0,0,0,0,0,0,0,0,22
1,0,0,83,83,0,0,0,0,0,0,0,0,0,0,0,22
1,0,0,100,100,0,0,0,0,0,0,0,0,0,0,0,22
1,0,0,89,89,0,0,0,0,0,0,0,0,0,0,0,22
1,0,0,100,100,0,0,0,0,0,0,0,0,0,0,0,22
1,0,0,100,100,0,0,0,0,0,0,0,0,0,0,0,22
1,76.5,77.1582021592611,95,77.1582021592611,1,6,0,0.14,0,0,0,0,0,0,0,22
1,0,0,84,84,0,0,0,0,0,0,0,0,0,0,0,22
1,0,0,100,100,0,0,0,0,0,0,0,0,0,0,0,22
1,0,0,100,100,0,0,0,0,0,0,0,0,0,0,0,22
1,0,0,100,100,0,0,0,0,0,0,0,0,0,0,0,22
1,0,0,91,91,0,0,0,0,0,0,0,0,0,0,0,22
1,0,0,100,100,0,0,0,0,0,0,0,0,0,0,0,22
1,0,0,94,94,0,0,0,0,0,0,0,0,0,0,0,22
1,0,0,83,83,0,0,0,0,0,0,0,0,0,0,0,22
1,0,0,85,85,0,0,0,0,0,0,0,0,0,0,0,22
1,0,0,73,73,0,0,0,0,0,0,0,0,0,0,0,22
1,0,0,87,87,0,0,0,0,0,0,0,0,0,0,0,22
1,0,0,80,80,0,0,0,0,0,0,0,0,0,0,0,22
1,0,0,94,94,0,0,0,0,0,0,0,0,0,0,0,22
1,0,0,99,99,0,0,0,0,0,0,0,0,0,0,0,22
1,0,0,100,100,0,0,0,0,0,0,0,0,0,0,0,22
1,0,0,93,93,0,0,0,0,0,0,0,0,0,0,0,22
1,0,0,91,91,0,0,0,0,0,0,0,0,0,0,0,22
1,0,0,85,85,0,0,0,0,0,0,0,0,0,0,0,22
1,0,0,89,89,0,0,0,0,0,0,0,0,0,0,0,22
1,0,0,82,82,0,0,0,0,0,0,0,0,0,0,0,22
1,0,0,85,85,0,0,0,0,0,0,0,0,0,0,0,22
1,0,0,98,98,0,0,0,0,0,0,0,0,0,0,0,22
1,0,0,100,100,0,0,0,0,0,0,0,0,0,0,0,22
1,0,0,70,70,0,0,0,0,0,0,0,0,0,0,0,22
1,0,0,71,71,0,0,0,0,0,0,0,0,0,0,0,22
1,0,0,100,100,0,0,0,0,0,0,0,0,0,0,0,22
1,0,0,89,89,0,0,0,0,0,0,0,0,0,0,0,22
1,0,0,80,80,0,0,0,0,0,0,0,0,0,0,0,22
1,0,0,92,92,0,0,0,0,0,0,0,0,0,0,0,22
1,0,0,91,91,0,0,0,0,0,0,0,0,0,0,0,22
1,0,0,85,85,0,0,0,0,0,0,0,0,0,0,0,22
1,0,0,94,94,0,0,0,0,0,0,0,0,0,0,0,22
1,0,0,98,98,0,0,0,0,0,0,0,0,0,0,0,22
1,0,0,73,73,0,0,0,0,0,0,0,0,0,0,0,22
1,0,0,92,92,0,0,0,0,0,0,0,0,0,0,0,22
1,0,0,100,100,0,0,0,0,0,0,0,0,0,0,0,22
1,0,0,84,84,0,0,0,0,0,0,0,0,0,0,0,22
1,0,0,95,95,0,0,0,0,0,0,0,0,0,0,0,22
1,0,0,92,92,0,0,0,0,0,0,0,0,0,0,0,22
1,0,0,100,100,0,0,0,0,0,0,0,0,0,0,0,22
1,0,0,88,88,0,0,0,0,0,0,0,0,0,0,0,22
1,0,0,78,78,0,0,0,0,0,0,0,0,0,0,0,22
1,0,0,91,91,0,0,0,0,0,0,0,0,0,0,0,22
1,0,0,60,60,0,0,0,0,0,0,0,0,0,0,0,22
1,0,0,71,71,0,0,0,0,0,0,0,0,0,0,0,22
1,0,0,74,74,0,0,0,0,0,0,0,0,0,0,0,22
1,0,0,92,92,0,0,0,0,0,0,0,0,0,0,0,22
1,0,0,78,78,0,0,0,0,0,0,0,0,0,0,0,22
1,0,0,100,100,0,0,0,0,0,0,0,0,0,0,0,22
1,0,0,100,100,0,0,0,0,0,0,0,0,0,0,0,22
1,0,0,100,100,0,0,0,0,0,0,0,0,0,0,0,22
1,0,0,100,100,0,0,0,0,0,0,0,0,0,0,0,22
1,0,0,90,90,0,0,0,0,0,0,0,0,0,0,0,22
1,0,0,75,75,0,0,0,0,0,0,0,0,0,0,0,22
1,0,0,95,95,0,0,0,0,0,0,0,0,0,0,0,22
1,0,0,100,100,0,0,0,0,0,0,0,0,0,0,0,22
1,0,0,93,93,0,0,0,0,0,0,0,0,0,0,0,22
1,0,0,90,90,0,0,0,0,0,0,0,0,0,0,0,22
1,0,0,94,94,0,0,0,0,0,0,0,0,0,0,0,22
1,0,0,95,95,0,0,0,0,0,0,0,0,0,0,0,22
1,0,0,100,100,0,0,0,0,0,0,0,0,0,0,0,22
1,0,0,95,95,0,0,0,0,0,0,0,0,0,0,0,22
1,0,0,94,94,0,0,0,0,0,0,0,0,0,0,0,22
1,0,0,100,100,0,0,0,0,0,0,0,0,0,0,0,22
1,0,0,83,83,0,0,0,0,0,0,0,0,0,0,0,22
1,0,0,95,95,0,0,0,0,0,0,0,0,0,0,0,22
1,0,0,62,62,0,0,0,0,0,0,0,0,0,0,0,22
1,0,0,93,93,0,0,0,0,0,0,0,0,0,0,0,22
1,0,0,95,95,0,0,0,0,0,0,0,0,0,0,0,22
1,0,0,85,85,0,0,0,0,0,0,0,0,0,0,0,22
1,0,0,65,65,0,0,0,0,0,0,0,0,0,0,0,22
1,0,0,69,69,0,0,0,0,0,0,0,0,0,0,0,22
1,0,0,93,93,0,0,0,0,0,0,0,0,0,0,0,22
1,0,0,99,99,0,0,0,0,0,0,0,0,0,0,0,22
1,0,0,88,88,0,0,0,0,0,0,0,0,0,0,0,22
1,0,0,100,100,0,0,0,0,0,0,0,0,0,0,0,22
1,0,0,97,97,0,0,0,0,0,0,0,0,0,0,0,22
1,0,0,88,88,0,0,0,0,0,0,0,0,0,0,0,22
1,0,0,94,94,0,0,0,0,0,0,0,0,0,0,0,22
1,0,0,84,84,0,0,0,0,0,0,0,0,0,0,0,22
1,0,0,91,91,0,0,0,0,0,0,0,0,0,0,0,22
1,0,0,93,93,0,0,0,0,0,0,0,0,0,0,0,22
1,0,0,74,74,0,0,0,0,0,0,0,0,0,0,0,22
1,0,0,71,71,0,0,0,0,0,0,0,0,0,0,0,22
1,0,0,80,80,0,0,0,0,0,0,0,0,0,0,0,22
1,0,0,81,81,0,0,0,0,0,0,0,0,0,0,0,22
1,0,0,100,100,0,0,0,0,0,0,0,0,0,0,0,22
1,0,0,100,100,0,0,0,0,0,0,0,0,0,0,0,22
1,0,0,100,100,0,0,0,0,0,0,0,0,0,0,0,22
1,0,0,82,82,0,0,0,0,0,0,0,0,0,0,0,22
1,0,0,90,90,0,0,0,0,0,0,0,0,0,0,0,22
1,0,0,60,60,0,0,0,0,0,0,0,0,0,0,0,22
1,0,0,81,81,0,0,0,0,0,0,0,0,0,0,0,22
1,0,0,97,97,0,0,0,0,0,0,0,0,0,0,0,22
1,0,0,100,100,0,0,0,0,0,0,0,0,0,0,0,22
1,0,0,96,96,0,0,0,0,0,0,0,0,0,0,0,22
1,0,0,91,91,0,0,0,0,0,0,0,0,0,0,0,22
1,0,0,65,65,0,0,0,0,0,0,0,0,0,0,0,22
1,0,0,100,100,0,0,0,0,0,0,0,0,0,0,0,22
1,0,0,100,100,0,0,0,0,0,0,0,0,0,0,0,22
1,0,0,88,88,0,0,0,0,0,0,0,0,0,0,0,22
1,0,0,94,94,0,0,0,0,0,0,0,0,0,0,0,22
1,0,0,100,100,0,0,0,0,0,0,0,0,0,0,0,22
1,0,0,100,100,0,0,0,0,0,0,0,0,0,0,0,22
1,0,0,100,100,0,0,0,0,0,0,0,0,0,0,0,22
1,0,0,100,100,0,0,0,0,0,0,0,0,0,0,0,22
1,0,0,100,100,0,0,0,0,0,0,0,0,0,0,0,22
1,0,0,94,94,0,0,0,0,0,0,0,0,0,0,0,22
1,0,0,84,84,0,0,0,0,0,0,0,0,0,0,0,22
1,0,0,87,87,0,0,0,0,0,0,0,0,0,0,0,22
1,0,0,89,89,0,0,0,0,1,0,0,0,0,0,1,42
1,0,0,79,79,0,0,0,0,1,0,0,0,0,0,1,42
1,0,0,91,91,0,0,0,0,1,0,0,0,0,0,1,42
1,0,0,87,87,0,0,0,0,1,0,0,0,0,0,1,42
1,69.5,100,84,84,3,1,0,0,1,0,1,62.8287639135726,0,0,1,42
1,0,0,75,75,0,0,0,0,1,0,0,0,0,0,1,42
1,0,0,92,92,0,0,0,0,1,0,0,0,0,0,1,42
1,0,0,76,76,0,0,0,0,1,0,0,0,0,0,1,42
1,0,0,89,89,0,0,0,0,1,0,0,0,0,0,1,42
1,0,0,81,81,0,0,0,0,1,0,0,0,0,0,1,42
1,0,0,74,74,0,0,0,0,1,0,0,0,0,0,1,42
1,0,0,91,91,0,0,0,0,1,0,0,0,0,0,1,42
1,0,0,75,75,0,0,0,0,1,0,0,0,0,0,1,42
1,0,0,95,95,0,0,0,0,1,0,0,0,0,0,1,42
1,0,0,83,83,0,0,0,0,1,0,0,0,0,0,1,42
1,0,0,89,89,0,0,0,0,1,0,0,0,0,0,1,42
1,0,0,81,81,0,0,0,0,1,0,0,0,0,0,1,42
1,0,0,76,76,0,0,0,0,1,0,0,0,0,0,1,42
1,0,0,88,88,0,0,0,0,1,0,0,0,0,0,1,42
1,0,0,77,77,0,0,0,0,1,0,0,0,0,0,1,42
1,0,0,83,83,0,0,0,0,1,0,0,0,0,0,1,42
1,0,0,83,83,0,0,0,0,1,0,0,0,0,0,1,42
1,0,0,86,86,0,0,0,0,1,0,0,0,0,0,1,42
1,75.5,75.688863191081,82,75.688863191081,2,5,0,0.18,1,0,0,0,0,0,1,42
1,0,0,95,95,0,0,0,0,1,0,0,0,0,0,1,42
1,74.5,74.7175278769048,83,74.7175278769048,4,6,0,0.14,1,0,0,0,0,0,1,42
1,0,0,73,73,0,0,0,0,1,0,0,0,0,0,1,42
1,0,0,89,89,0,0,0,0,1,0,0,0,0,0,1,42
1,0,0,93,93,0,0,0,0,1,0,0,0,0,0,1,42
1,0,0,88,88,0,0,0,0,1,0,0,0,0,0,1,42
1,70.5,78.0630566888907,80,78.0630566888907,4,1,0,0.32,1,0,1,7.56305668889071,0,0,1,42
1,0,0,72,72,0,0,0,0,1,0,0,0,0,0,1,42
1,0,0,86,86,0,0,0,0,1,0,0,0,0,0,1,42
1,0,0,83,83,0,0,0,0,1,0,0,0,0,0,1,42
1,0,0,83,83,0,0,0,0,1,0,0,0,0,0,1,42
1,0,0,91,91,0,0,0,0,1,0,0,0,0,0,1,42
1,0,0,80,80,0,0,0,0,1,0,0,0,0,0,1,42
1,87.5,88.4738551861378,88,88,1,6,0,0.28,1,0,0,0,0,0,1,42
1,0,0,92,92,0,0,0,0,1,0,0,0,0,0,1,42
1,0,0,82,82,0,0,0,0,1,0,0,0,0,0,1,42
1,0,0,81,81,0,0,0,0,1,0,0,0,0,0,1,42
1,0,0,81,81,0,0,0,0,1,0,0,0,0,0,1,42
1,85.5,86.2150326250879,90,86.2150326250879,2,3,0,0.32,1,0,0,0,0,0,1,42
1,0,0,78,78,0,0,0,0,1,0,0,0,0,0,1,42
1,0,0,80,80,0,0,0,0,1,0,0,0,0,0,1,42
1,0,0,89,89,0,0,0,0,1,0,0,0,0,0,1,42
1,0,0,73,73,0,0,0,0,1,0,0,0,0,0,1,42
1,81.5,81.6232403466575,92,81.6232403466575,2,6,0,0.28,1,0,0,0,0,0,1,42
1,0,0,78,78,0,0,0,0,1,0,0,0,0,0,1,42
1,0,0,89,89,0,0,0,0,1,0,0,0,0,0,1,42
1,79.5,80.7156565854518,81,80.7156565854518,2,4,0,0.32,1,0,0,0,0,0,1,42
1,65.5,100,89,89,3,1,0,0,1,0,1,620.766823343347,0,0,1,42
1,0,0,86,86,0,0,0,0,1,0,0,0,0,0,1,42
1,0,0,96,96,0,0,0,0,1,0,0,0,0,0,1,42
1,75.5,75.9028726291807,88,75.9028726291807,4,6,0,0.14,1,0,0,0,0,0,1,42
1,0,0,77,77,0,0,0,0,1,0,0,0,0,0,1,42
1,0,0,85,85,0,0,0,0,1,0,0,0,0,0,1,42
1,0,0,74,74,0,0,0,0,1,0,0,0,0,0,1,42
1,0,0,73,73,0,0,0,0,1,0,0,0,0,0,1,42
1,0,0,82,82,0,0,0,0,1,0,0,0,0,0,1,42
1,0,0,81,81,0,0,0,0,1,0,0,0,0,0,1,42
1,0,0,73,73,0,0,0,0,1,0,0,0,0,0,1,42
1,0,0,94,94,0,0,0,0,1,0,0,0,0,0,1,42
1,0,0,78,78,0,0,0,0,1,0,0,0,0,0,1,42
1,0,0,82,82,0,0,0,0,1,0,0,0,0,0,1,42
1,0,0,86,86,0,0,0,0,1,0,0,0,0,0,1,42
1,0,0,96,96,0,0,0,0,1,0,0,0,0,0,1,42
1,0,0,91,91,0,0,0,0,1,0,0,0,0,0,1,42
1,0,0,90,90,0,0,0,0,1,0,0,0,0,0,1,42
1,0,0,93,93,0,0,0,0,1,0,0,0,0,0,1,42
1,0,0,79,79,0,0,0,0,1,0,0,0,0,0,1,42
1,0,0,95,95,0,0,0,0,1,0,0,0,0,0,1,42
1,0,0,91,91,0,0,0,0,1,0,0,0,0,0,1,42
1,0,0,74,74,0,0,0,0,1,0,0,0,0,0,1,42
1,0,0,77,77,0,0,0,0,1,0,0,0,0,0,1,42
1,0,0,73,73,0,0,0,0,1,0,0,0,0,0,1,42
1,0,0,74,74,0,0,0,0,1,0,0,0,0,0,1,42
1,0,0,72,72,0,0,0,0,1,0,0,0,0,0,1,42
1,0,0,81,81,0,0,0,0,1,0,0,0,0,0,1,42
1,0,0,84,84,0,0,0,0,1,0,0,0,0,0,1,42
2,0,0,97,97,0,0,0,0,1,0,0,0,0,0,1,42
2,0,0,93,93,0,0,0,0,1,0,0,0,0,0,1,42
2,0,0,79,79,0,0,0,0,1,0,0,0,0,0,1,42
2,0,0,95,95,0,0,0,0,1,0,0,0,0,0,1,42
2,0,0,89,89,0,0,0,0,1,0,0,0,0,0,1,42
2,0,0,83,83,0,0,0,0,1,0,0,0,0,0,1,42
2,0,0,89,89,0,0,0,0,1,0,0,0,0,0,1,42
2,0,0,100,100,0,0,0,0,1,0,0,0,0,0,1,42
2,0,0,83,83,0,0,0,0,1,0,0,0,0,0,1,42
2,91.5,92.7654903266506,97,92.7654903266506,2,6,0,0.14,1,0,0,0,0,0,1,42
2,0,0,94,94,0,0,0,0,1,0,0,0,0,0,1,42
2,0,0,90,90,0,0,0,0,1,0,0,0,0,0,1,42
2,0,0,82,82,0,0,0,0,1,0,0,0,0,0,1,42
2,0,0,100,100,0,0,0,0,1,0,0,0,0,0,1,42
2,0,0,95,95,0,0,0,0,1,0,0,0,0,0,1,42
2,0,0,85,85,0,0,0,0,1,0,0,0,0,0,1,42
2,0,0,78,78,0,0,0,0,1,0,0,0,0,0,1,42
2,0,0,100,100,0,0,0,0,1,0,0,0,0,0,1,42
2,0,0,91,91,0,0,0,0,1,0,0,0,0,0,1,42
2,0,0,79,79,0,0,0,0,1,0,0,0,0,0,1,42
2,0,0,91,91,0,0,0,0,1,0,0,0,0,0,1,42
2,0,0,87,87,0,0,0,0,1,0,0,0,0,0,1,42
2,0,0,82,82,0,0,0,0,1,0,0,0,0,0,1,42
2,0,0,74,74,0,0,0,0,1,0,0,0,0,0,1,42
2,0,0,92,92,0,0,0,0,1,0,0,0,0,0,1,42
2,0,0,89,89,0,0,0,0,1,0,0,0,0,0,1,42
2,0,0,78,78,0,0,0,0,1,0,0,0,0,0,1,42
2,0,0,88,88,0,0,0,0,1,0,0,0,0,0,1,42
2,0,0,82,82,0,0,0,0,1,0,0,0,0,0,1,42
2,0,0,88,88,0,0,0,0,1,0,0,0,0,0,1,42
2,0,0,82,82,0,0,0,0,1,0,0,0,0,0,1,42
2,0,0,87,87,0,0,0,0,1,0,0,0,0,0,1,42
2,0,0,83,83,0,0,0,0,1,0,0,0,0,0,1,42
2,0,0,95,95,0,0,0,0,1,0,0,0,0,0,1,42
2,0,0,76,76,0,0,0,0,1,0,0,0,0,0,1,42
2,0,0,99,99,0,0,0,0,1,0,0,0,0,0,1,42
2,0,0,91,91,0,0,0,0,1,0,0,0,0,0,1,42
2,0,0,100,100,0,0,0,0,1,0,0,0,0,0,1,42
2,0,0,75,75,0,0,0,0,1,0,0,0,0,0,1,42
2,0,0,77,77,0,0,0,0,1,0,0,0,0,0,1,42
2,0,0,94,94,0,0,0,0,1,0,0,0,0,0,1,42
2,72.5,77.8403824635935,90,77.8403824635935,2,1,0,0.28,1,0,1,3.46578849523333,0,0,1,42
2,0,0,96,96,0,0,0,0,1,0,0,0,0,0,1,42
2,0,0,73,73,0,0,0,0,1,0,0,0,0,0,1,42
2,0,0,92,92,0,0,0,0,1,0,0,0,0,0,1,42
2,0,0,96,96,0,0,0,0,1,0,0,0,0,0,1,42
2,0,0,100,100,0,0,0,0,1,0,0,0,0,0,1,42
2,0,0,88,88,0,0,0,0,1,0,0,0,0,0,1,42
2,0,0,78,78,0,0,0,0,1,0,0,0,0,0,1,42
2,0,0,94,94,0,0,0,0,1,0,0,0,0,0,1,42
2,0,0,75,75,0,0,0,0,1,0,0,0,0,0,1,42
2,0,0,90,90,0,0,0,0,1,0,0,0,0,0,1,42
2,0,0,88,88,0,0,0,0,1,0,0,0,0,0,1,42
2,0,0,79,79,0,0,0,0,1,0,0,0,0,0,1,42
2,0,0,87,87,0,0,0,0,1,0,0,0,0,0,1,42
2,0,0,77,77,0,0,0,0,1,0,0,0,0,0,1,42
2,0,0,100,100,0,0,0,0,1,0,0,0,0,0,1,42
2,0,0,73,73,0,0,0,0,1,0,0,0,0,0,1,42
2,0,0,93,93,0,0,0,0,1,0,0,0,0,0,1,42
2,0,0,90,90,0,0,0,0,1,0,0,0,0,0,1,42
2,0,0,99,99,0,0,0,0,1,0,0,0,0,0,1,42
2,0,0,74,74,0,0,0,0,1,0,0,0,0,0,1,42
2,0,0,89,89,0,0,0,0,1,0,0,0,0,0,1,42
2,0,0,95,95,0,0,0,0,1,0,0,0,0,0,1,42
2,0,0,97,97,0,0,0,0,1,0,0,0,0,0,1,42
2,0,0,94,94,0,0,0,0,1,0,0,0,0,0,1,42
2,0,0,85,85,0,0,0,0,1,0,0,0,0,0,1,42
2,0,0,76,76,0,0,0,0,1,0,0,0,0,0,1,42
2,0,0,93,93,0,0,0,0,1,0,0,0,0,0,1,42
2,0,0,88,88,0,0,0,0,1,0,0,0,0,0,1,42
2,0,0,91,91,0,0,0,0,1,0,0,0,0,0,1,42
2,74.5,89.1966068194129,95,89.1966068194129,1,5,0,0.18,1,0,0,0,0,0,1,42
2,0,0,77,77,0,0,0,0,1,0,0,0,0,0,1,42
2,0,0,77,77,0,0,0,0,1,0,0,0,0,0,1,42
2,0,0,92,92,0,0,0,0,1,0,0,0,0,0,1,42
2,0,0,88,88,0,0,0,0,1,0,0,0,0,0,1,42
2,0,0,78,78,0,0,0,0,1,0,0,0,0,0,1,42
2,0,0,94,94,0,0,0,0,1,0,0,0,0,0,1,42
2,0,0,81,81,0,0,0,0,1,0,0,0,0,0,1,42
2,0,0,100,100,0,0,0,0,1,0,0,0,0,0,1,42
2,0,0,82,82,0,0,0,0,1,0,0,0,0,0,1,42
2,0,0,95,95,0,0,0,0,1,0,0,0,0,0,1,42
2,0,0,76,76,0,0,0,0,1,0,0,0,0,0,1,42
2,0,0,87,87,0,0,0,0,1,0,0,0,0,0,1,42
2,0,0,98,98,0,0,0,0,1,0,0,0,0,0,1,42
2,0,0,77,77,0,0,0,0,1,0,0,0,0,0,1,42
2,0,0,100,100,0,0,0,0,1,0,0,0,0,0,1,42
2,0,0,94,94,0,0,0,0,1,0,0,0,0,0,1,42
2,0,0,75,75,0,0,0,0,1,0,0,0,0,0,1,42
2,0,0,75,75,0,0,0,0,1,0,0,0,0,0,1,42
2,0,0,100,100,0,0,0,0,1,0,0,0,0,0,1,42
2,96.5,97.1491928089153,99,97.1491928089153,4,6,0,0.14,1,0,0,0,0,0,1,42
2,0,0,75,75,0,0,0,0,1,0,0,0,0,0,1,42
2,0,0,82,82,0,0,0,0,1,0,0,0,0,0,1,42
2,0,0,98,98,0,0,0,0,1,0,0,0,0,0,1,42
2,0,0,91,91,0,0,0,0,1,0,0,0,0,0,1,42
2,0,0,86,86,0,0,0,0,1,0,0,0,0,0,1,42
2,0,0,85,85,0,0,0,0,1,0,0,0,0,0,1,42
2,0,0,95,95,0,0,0,0,1,0,0,0,0,0,1,42
2,0,0,87,87,0,0,0,0,1,0,0,0,0,0,1,42
2,0,0,89,89,0,0,0,0,1,0,0,0,0,0,1,42
2,0,0,75,75,0,0,0,0,1,0,0,0,0,0,1,42
2,0,0,80,80,0,0,0,0,1,0,0,0,0,0,1,42
2,0,0,90,90,0,0,0,0,1,0,0,0,0,0,1,42
2,0,0,88,88,0,0,0,0,1,0,0,0,0,0,1,42
2,0,0,87,87,0,0,0,0,1,0,0,0,0,0,1,42
2,0,0,91,91,0,0,0,0,1,0,0,0,0,0,1,42
2,0,0,83,83,0,0,0,0,1,0,0,0,0,0,1,42
2,0,0,95,95,0,0,0,0,1,0,0,0,0,0,1,42
2,0,0,95,95,0,0,0,0,1,0,0,0,0,0,1,42
2,0,0,76,76,0,0,0,0,1,0,0,0,0,0,1,42
2,0,0,91,91,0,0,0,0,1,0,0,0,0,0,1,42
2,0,0,73,73,0,0,0,0,1,0,0,0,0,0,1,42
2,0,0,76,76,0,0,0,0,1,0,0,0,0,0,1,42
2,0,0,100,100,0,0,0,0,1,0,0,0,0,0,1,42
2,0,0,74,74,0,0,0,0,1,0,0,0,0,0,1,42
2,0,0,96,96,0,0,0,0,1,0,0,0,0,0,1,42
2,0,0,78,78,0,0,0,0,1,0,0,0,0,0,1,42
2,0,0,93,93,0,0,0,0,1,0,0,0,0,0,1,42
2,0,0,79,79,0,0,0,0,1,0,0,0,0,0,1,42
2,0,0,90,90,0,0,0,0,1,0,0,0,0,0,1,42
2,0,0,77,77,0,0,0,0,1,0,0,0,0,0,1,42
2,0,0,78,78,0,0,0,0,1,0,0,0,0,0,1,42
2,0,0,96,96,0,0,0,0,1,0,0,0,0,0,1,42
2,0,0,76,76,0,0,0,0,1,0,0,0,0,0,1,42
2,0,0,100,100,0,0,0,0,1,0,0,0,0,0,1,42
2,0,0,100,100,0,0,0,0,1,0,0,0,0,0,1,42
2,0,0,91,91,0,0,0,0,1,0,0,0,0,0,1,42
2,0,0,92,92,0,0,0,0,1,0,0,0,0,0,1,42
2,0,0,83,83,0,0,0,0,1,0,0,0,0,0,1,42
2,0,0,74,74,0,0,0,0,1,0,0,0,0,0,1,42
2,0,0,75,75,0,0,0,0,1,0,0,0,0,0,1,42
2,84.5,84.6415896307568,99,84.6415896307568,4,6,0,0.28,1,0,0,0,0,0,1,42
2,0,0,86,86,0,0,0,0,1,0,0,0,0,0,1,42
2,0,0,98,98,0,0,0,0,1,0,0,0,0,0,1,42
2,0,0,83,83,0,0,0,0,1,0,0,0,0,0,1,42
2,0,0,100,100,0,0,0,0,1,0,0,0,0,0,1,42
2,0,0,86,86,0,0,0,0,1,0,0,0,0,0,1,42
2,0,0,73,73,0,0,0,0,1,0,0,0,0,0,1,42
2,0,0,75,75,0,0,0,0,1,0,0,0,0,0,1,42
2,0,0,89,89,0,0,0,0,1,0,0,0,0,0,1,42
2,0,0,94,94,0,0,0,0,1,0,0,0,0,0,1,42
2,0,0,95,95,0,0,0,0,1,0,0,0,0,0,1,42
2,0,0,100,100,0,0,0,0,1,0,0,0,0,0,1,42
2,0,0,91,91,0,0,0,0,1,0,0,0,0,0,1,42
2,0,0,88,88,0,0,0,0,1,0,0,0,0,0,1,42
2,0,0,89,89,0,0,0,0,1,0,0,0,0,0,1,42
2,0,0,86,86,0,0,0,0,1,0,0,0,0,0,1,42
1,0,0,92,92,0,0,0,0,1,0,0,0,0,0,1,52
1,0,0,88,88,0,0,0,0,1,0,0,0,0,0,1,52
1,0,0,90,90,0,0,0,0,1,0,0,0,0,0,1,52
1,0,0,100,100,0,0,0,0,1,0,0,0,0,0,1,52
1,0,0,90,90,0,0,0,0,1,0,0,0,0,0,1,52
1,0,0,88,88,0,0,0,0,1,0,0,0,0,0,1,52
1,0,0,90,90,0,0,0,0,1,0,0,0,0,0,1,52
1,0,0,91,91,0,0,0,0,1,0,0,0,0,0,1,52
1,0,0,95,95,0,0,0,0,1,0,0,0,0,0,1,52
1,0,0,98,98,0,0,0,0,1,0,0,0,0,0,1,52
1,87.5,89.5434661466052,100,89.5434661466052,4,4,0,0,1,0,0,0,0,0,1,52
1,0,0,89,89,0,0,0,0,1,0,0,0,0,0,1,52
1,0,0,85,85,0,0,0,0,1,0,0,0,0,0,1,52
1,85.5,86.0003452650523,99,86.0003452650523,2,1,0,0.18,1,0,0,0,0,0,1,52
1,0,0,92,92,0,0,0,0,1,0,0,0,0,0,1,52
1,0,0,98,98,0,0,0,0,1,0,0,0,0,0,1,52
1,0,0,83,83,0,0,0,0,1,0,0,0,0,0,1,52
1,0,0,100,100,0,0,0,0,1,0,0,0,0,0,1,52
1,0,0,85,85,0,0,0,0,1,0,0,0,0,0,1,52
1,0,0,92,92,0,0,0,0,1,0,0,0,0,0,1,52
1,0,0,100,100,0,0,0,0,1,0,0,0,0,0,1,52
1,0,0,79,79,0,0,0,0,1,0,0,0,0,0,1,52
1,0,0,82,82,0,0,0,0,1,0,0,0,0,0,1,52
1,0,0,90,90,0,0,0,0,1,0,0,0,0,0,1,52
1,0,0,86,86,0,0,0,0,1,0,0,0,0,0,1,52
1,0,0,91,91,0,0,0,0,1,0,0,0,0,0,1,52
1,0,0,85,85,0,0,0,0,1,0,0,0,0,0,1,52
1,0,0,89,89,0,0,0,0,1,0,0,0,0,0,1,52
1,0,0,79,79,0,0,0,0,1,0,0,0,0,0,1,52
1,0,0,96,96,0,0,0,0,1,0,0,0,0,0,1,52
1,0,0,94,94,0,0,0,0,1,0,0,0,0,0,1,52
2,0,0,92,92,0,0,0,0,1,0,0,0,0,0,1,32
2,0,0,88,88,0,0,0,0,1,0,0,0,0,0,1,32
2,0,0,75,75,0,0,0,0,1,0,0,0,0,0,1,32
2,83.5,83.5561773583641,84,83.5561773583641,2,6,0,0,1,0,0,0,0,0,1,32
2,0,0,91,91,0,0,0,0,1,0,0,0,0,0,1,32
2,0,0,86,86,0,0,0,0,1,0,0,0,0,0,1,32
2,0,0,81,81,0,0,0,0,1,0,0,0,0,0,1,32
2,0,0,72,72,0,0,0,0,1,0,0,0,0,0,1,32
2,0,0,100,100,0,0,0,0,1,0,0,0,0,0,1,32
2,0,0,83,83,0,0,0,0,1,0,0,0,0,0,1,32
2,88.5,88.8025145997276,95,88.8025145997276,2,6,0,0.46,1,0,0,0,0,0,1,32
2,0,0,93,93,0,0,0,0,1,0,0,0,0,0,1,32
2,0,0,96,96,0,0,0,0,1,0,0,0,0,0,1,32
2,0,0,96,96,0,0,0,0,1,0,0,0,0,0,1,32
2,0,0,68,68,0,0,0,0,1,0,0,0,0,0,1,32
2,0,0,98,98,0,0,0,0,1,0,0,0,0,0,1,32
2,0,0,100,100,0,0,0,0,1,0,0,0,0,0,1,32
2,0,0,75,75,0,0,0,0,1,0,0,0,0,0,1,32
2,0,0,100,100,0,0,0,0,1,0,0,0,0,0,1,32
2,0,0,92,92,0,0,0,0,1,0,0,0,0,0,1,32
2,0,0,87,87,0,0,0,0,1,0,0,0,0,0,1,32
2,66.5,74.9897277818508,95,74.9897277818508,2,1,0,0.18,1,0,1,8.48972778185076,0,0,1,32
2,64.5,90.4371026234901,83,83,2,1,0,0.32,1,0,1,25.9371026234901,0,0,1,32
2,0,0,100,100,0,0,0,0,1,0,0,0,0,0,1,32
2,0,0,92,92,0,0,0,0,1,0,0,0,0,0,1,32
2,0,0,91,91,0,0,0,0,1,0,0,0,0,0,1,32
2,0,0,87,87,0,0,0,0,1,0,0,0,0,0,1,32
2,0,0,78,78,0,0,0,0,1,0,0,0,0,0,1,32
2,0,0,83,83,0,0,0,0,1,0,0,0,0,0,1,32
2,0,0,78,78,0,0,0,0,1,0,0,0,0,0,1,32
2,0,0,97,97,0,0,0,0,1,0,0,0,0,0,1,32
2,0,0,99,99,0,0,0,0,1,0,0,0,0,0,1,32
2,0,0,66,66,0,0,0,0,1,0,0,0,0,0,1,32
2,0,0,98,98,0,0,0,0,1,0,0,0,0,0,1,32
2,74.5,78.0057560186823,100,78.0057560186823,3,2,0,0.28,1,0,1,3.50575601868231,0,0,1,32
2,0,0,91,91,0,0,0,0,1,0,0,0,0,0,1,32
2,0,0,69,69,0,0,0,0,1,0,0,0,0,0,1,32
2,0,0,100,100,0,0,0,0,1,0,0,0,0,0,1,32
2,0,0,85,85,0,0,0,0,1,0,0,0,0,0,1,32
2,0,0,69,69,0,0,0,0,1,0,0,0,0,0,1,32
2,70.5,100,79,79,2,2,0,0.18,1,0,1,99.4232188185574,0,0,1,32
2,0,0,91,91,0,0,0,0,1,0,0,0,0,0,1,32
2,0,0,100,100,0,0,0,0,1,0,0,0,0,0,1,32
2,85.5,100,86,86,2,6,0,0,1,0,0,0,0,0,1,32
2,94.5,100,97,97,2,1,0,0.18,1,0,0,0,0,0,1,32
2,0,0,84,84,0,0,0,0,1,0,0,0,0,0,1,32
2,0,0,88,88,0,0,0,0,1,0,0,0,0,0,1,32
2,0,0,95,95,0,0,0,0,1,0,0,0,0,0,1,32
2,0,0,100,100,0,0,0,0,1,0,0,0,0,0,1,32
2,0,0,100,100,0,0,0,0,1,0,0,0,0,0,1,32
2,0,0,92,92,0,0,0,0,1,0,0,0,0,0,1,32
2,83.5,83.6785006687298,90,83.6785006687298,2,6,0,0.28,1,0,0,0,0,0,1,32
2,0,0,100,100,0,0,0,0,1,0,0,0,0,0,1,32
2,72.5,0,75,75,2,1,0,0,1,1,1,0,0,0,1,32
2,0,0,100,100,0,0,0,0,1,0,0,0,0,0,1,32
2,0,0,67,67,0,0,0,0,1,0,0,0,0,0,1,32
2,0,0,95,95,0,0,0,0,1,0,0,0,0,0,1,32
2,0,0,88,88,0,0,0,0,1,0,0,0,0,0,1,32
2,94.5,94.7147736415574,97,94.7147736415574,4,5,0,0.32,1,0,0,0,0,0,1,32
2,0,0,92,92,0,0,0,0,1,0,0,0,0,0,1,32
2,0,0,100,100,0,0,0,0,1,0,0,0,0,0,1,32
2,0,0,82,82,0,0,0,0,1,0,0,0,0,0,1,32
2,0,0,82,82,0,0,0,0,1,0,0,0,0,0,1,32
2,0,0,97,97,0,0,0,0,1,0,0,0,0,0,1,32
2,63.5,100,100,100,2,1,0,0.28,1,0,1,40.2738895810673,0,0,1,32
2,0,0,90,90,0,0,0,0,1,0,0,0,0,0,1,32
2,0,0,93,93,0,0,0,0,1,0,0,0,0,0,1,32
2,0,0,84,84,0,0,0,0,1,0,0,0,0,0,1,32
2,0,0,98,98,0,0,0,0,1,0,0,0,0,0,1,32
2,0,0,79,79,0,0,0,0,1,0,0,0,0,0,1,32
2,0,0,95,95,0,0,0,0,1,0,0,0,0,0,1,32
2,90.5,90.9198179050579,94,90.9198179050579,4,6,0,0.28,1,0,0,0,0,0,1,32
2,0,0,78,78,0,0,0,0,1,0,0,0,0,0,1,32
2,0,0,86,86,0,0,0,0,1,0,0,0,0,0,1,32
2,0,0,85,85,0,0,0,0,1,0,0,0,0,0,1,32
2,0,0,72,72,0,0,0,0,1,0,0,0,0,0,1,32
2,0,0,66,66,0,0,0,0,1,0,0,0,0,0,1,32
2,0,0,95,95,0,0,0,0,1,0,0,0,0,0,1,32
2,76.5,76.8026128599108,89,76.8026128599108,1,5,0,0.14,1,0,1,0.30261285991081,0,0,1,32
2,0,0,99,99,0,0,0,0,1,0,0,0,0,0,1,32
2,0,0,100,100,0,0,0,0,1,0,0,0,0,0,1,32
2,0,0,80,80,0,0,0,0,1,0,0,0,0,0,1,32
2,0,0,81,81,0,0,0,0,0,0,0,0,0,0,0,40
2,0,0,84,84,0,0,0,0,0,0,0,0,0,0,0,40
2,0,0,100,100,0,0,0,0,0,0,0,0,0,0,0,40
2,0,0,100,100,0,0,0,0,0,0,0,0,0,0,0,40
2,0,0,100,100,0,0,0,0,0,0,0,0,0,0,0,40
2,0,0,85,85,0,0,0,0,0,0,0,0,0,0,0,40
2,0,0,94,94,0,0,0,0,0,0,0,0,0,0,0,40
2,0,0,85,85,0,0,0,0,0,0,0,0,0,0,0,40
2,0,0,66,66,0,0,0,0,0,0,0,0,0,0,0,40
2,0,0,100,100,0,0,0,0,0,0,0,0,0,0,0,40
2,0,0,87,87,0,0,0,0,0,0,0,0,0,0,0,40
2,0,0,85,85,0,0,0,0,0,0,0,0,0,0,0,40
2,0,0,96,96,0,0,0,0,0,0,0,0,0,0,0,40
2,0,0,100,100,0,0,0,0,0,0,0,0,0,0,0,40
2,0,0,76,76,0,0,0,0,0,0,0,0,0,0,0,40
2,0,0,88,88,0,0,0,0,0,0,0,0,0,0,0,40
2,0,0,77,77,0,0,0,0,0,0,0,0,0,0,0,40
2,0,0,91,91,0,0,0,0,0,0,0,0,0,0,0,40
2,0,0,65,65,0,0,0,0,0,0,0,0,0,0,0,40
2,0,0,100,100,0,0,0,0,0,0,0,0,0,0,0,40
2,0,0,86,86,0,0,0,0,0,0,0,0,0,0,0,40
2,0,0,100,100,0,0,0,0,0,0,0,0,0,0,0,40
2,79.5,80.2433613194742,100,80.2433613194742,2,6,0,0.14,0,0,0,0,0,0,0,40
2,0,0,100,100,0,0,0,0,0,0,0,0,0,0,0,40
2,0,0,80,80,0,0,0,0,0,0,0,0,0,0,0,40
2,0,0,88,88,0,0,0,0,0,0,0,0,0,0,0,40
2,0,0,100,100,0,0,0,0,0,0,0,0,0,0,0,40
2,0,0,81,81,0,0,0,0,0,0,0,0,0,0,0,40
2,0,0,90,90,0,0,0,0,0,0,0,0,0,0,0,40
2,0,0,92,92,0,0,0,0,0,0,0,0,0,0,0,40
2,0,0,66,66,0,0,0,0,0,0,0,0,0,0,0,40
2,0,0,95,95,0,0,0,0,0,0,0,0,0,0,0,40
2,64.5,66.453284847426,98,66.453284847426,2,6,0,0,0,0,0,0,0,0,0,40
2,0,0,75,75,0,0,0,0,0,0,0,0,0,0,0,40
2,0,0,100,100,0,0,0,0,0,0,0,0,0,0,0,40
2,87.5,87.8382425729774,98,87.8382425729774,4,6,0,0.14,0,0,0,0,0,0,0,40
2,82.5,83.9975195462102,86,83.9975195462102,2,6,0,0.28,0,0,0,0,0,0,0,40
2,0,0,100,100,0,0,0,0,0,0,0,0,0,0,0,40
2,0,0,100,100,0,0,0,0,0,0,0,0,0,0,0,40
2,0,0,99,99,0,0,0,0,0,0,0,0,0,0,0,40
2,0,0,75,75,0,0,0,0,0,0,0,0,0,0,0,40
2,0,0,87,87,0,0,0,0,0,0,0,0,0,0,0,40
2,0,0,100,100,0,0,0,0,0,0,0,0,0,0,0,40
2,0,0,72,72,0,0,0,0,0,0,0,0,0,0,0,40
2,0,0,95,95,0,0,0,0,0,0,0,0,0,0,0,40
2,0,0,100,100,0,0,0,0,0,0,0,0,0,0,0,40
2,0,0,68,68,0,0,0,0,0,0,0,0,0,0,0,40
2,0,0,78,78,0,0,0,0,0,0,0,0,0,0,0,40
2,0,0,100,100,0,0,0,0,0,0,0,0,0,0,0,40
2,0,0,74,74,0,0,0,0,0,0,0,0,0,0,0,40
2,0,0,65,65,0,0,0,0,0,0,0,0,0,0,0,40
2,0,0,95,95,0,0,0,0,1,0,0,0,0,0,1,55
2,0,0,92,92,0,0,0,0,1,0,0,0,0,0,1,55
2,0,0,100,100,0,0,0,0,1,0,0,0,0,0,1,55
2,0,0,95,95,0,0,0,0,1,0,0,0,0,0,1,55
2,0,0,100,100,0,0,0,0,1,0,0,0,0,0,1,55
2,80.5,97.653463160576,82,82,2,2,0,0.46,1,0,1,17.153463160576,0,0,1,55
2,0,0,94,94,0,0,0,0,1,0,0,0,0,0,1,55
2,0,0,84,84,0,0,0,0,1,0,0,0,0,0,1,55
2,0,0,93,93,0,0,0,0,1,0,0,0,0,0,1,55
2,0,0,90,90,0,0,0,0,1,0,0,0,0,0,1,55
2,0,0,100,100,0,0,0,0,1,0,0,0,0,0,1,55
2,0,0,100,100,0,0,0,0,1,0,0,0,0,0,1,55
2,0,0,90,90,0,0,0,0,1,0,0,0,0,0,1,55
2,0,0,100,100,0,0,0,0,1,0,0,0,0,0,1,55
2,0,0,95,95,0,0,0,0,1,0,0,0,0,0,1,55
2,0,0,78,78,0,0,0,0,1,0,0,0,0,0,1,55
2,0,0,100,100,0,0,0,0,1,0,0,0,0,0,1,55
2,0,0,77,77,0,0,0,0,1,0,0,0,0,0,1,55
2,0,0,100,100,0,0,0,0,1,0,0,0,0,0,1,55
2,0,0,86,86,0,0,0,0,1,0,0,0,0,0,1,55
2,0,0,92,92,0,0,0,0,1,0,0,0,0,0,1,55
2,0,0,100,100,0,0,0,0,1,0,0,0,0,0,1,55
2,0,0,93,93,0,0,0,0,1,0,0,0,0,0,1,55
2,0,0,77,77,0,0,0,0,1,0,0,0,0,0,1,55
2,0,0,96,96,0,0,0,0,1,0,0,0,0,0,1,55
2,0,0,81,81,0,0,0,0,1,0,0,0,0,0,1,55
2,0,0,100,100,0,0,0,0,1,0,0,0,0,0,1,55
2,0,0,100,100,0,0,0,0,1,0,0,0,0,0,1,55
2,0,0,83,83,0,0,0,0,1,0,0,0,0,0,1,55
2,0,0,91,91,0,0,0,0,1,0,0,0,0,0,1,55
2,0,0,100,100,0,0,0,0,1,0,0,0,0,0,1,55
2,80.5,83.5754261396844,93,83.5754261396844,4,1,0,0.28,1,0,1,3.07542613968436,0,0,1,55
2,0,0,82,82,0,0,0,0,1,0,0,0,0,0,1,55
2,0,0,79,79,0,0,0,0,1,0,0,0,0,0,1,55
2,89.5,97.1997101315147,96,96,4,1,0,0.18,1,0,0,0,0,0,1,55
2,0,0,95,95,0,0,0,0,1,0,0,0,0,0,1,55
2,0,0,91,91,0,0,0,0,1,0,0,0,0,0,1,55
2,0,0,92,92,0,0,0,0,1,0,0,0,0,0,1,55
2,0,0,100,100,0,0,0,0,1,0,0,0,0,0,1,55
2,0,0,100,100,0,0,0,0,1,0,0,0,0,0,1,55
2,0,0,100,100,0,0,0,0,1,0,0,0,0,0,1,55
2,0,0,94,94,0,0,0,0,1,0,0,0,0,0,1,55
2,0,0,80,80,0,0,0,0,1,0,0,0,0,0,1,55
2,82.5,82.7897533792837,90,82.7897533792837,1,6,0,0.14,1,0,0,0,0,0,1,55
2,94.5,100,99,99,4,2,0,0.32,1,0,0,0,0,0,1,55
2,0,0,93,93,0,0,0,0,1,0,0,0,0,0,1,55
2,0,0,97,97,0,0,0,0,1,0,0,0,0,0,1,55
2,0,0,94,94,0,0,0,0,1,0,0,0,0,0,1,55
2,0,0,86,86,0,0,0,0,1,0,0,0,0,0,1,55
2,0,0,98,98,0,0,0,0,1,0,0,0,0,0,1,55
2,0,0,87,87,0,0,0,0,1,0,0,0,0,0,1,55
2,0,0,96,96,0,0,0,0,1,0,0,0,0,0,1,55
2,0,0,100,100,0,0,0,0,1,0,0,0,0,0,1,55
2,0,0,93,93,0,0,0,0,1,0,0,0,0,0,1,55
2,0,0,92,92,0,0,0,0,1,0,0,0,0,0,1,55
2,0,0,100,100,0,0,0,0,1,0,0,0,0,0,1,55
2,0,0,89,89,0,0,0,0,1,0,0,0,0,0,1,55
2,0,0,88,88,0,0,0,0,1,0,0,0,0,0,1,55
2,0,0,95,95,0,0,0,0,1,0,0,0,0,0,1,55
2,94.5,100,95,95,2,1,0,0.18,1,0,0,0,0,0,1,55
2,0,0,84,84,0,0,0,0,1,0,0,0,0,0,1,55
2,78.5,100,91,91,4,1,0,0.14,1,0,1,38.2979795617287,0,0,1,55
2,0,0,93,93,0,0,0,0,1,0,0,0,0,0,1,55
2,0,0,100,100,0,0,0,0,1,0,0,0,0,0,1,55
2,0,0,94,94,0,0,0,0,1,0,0,0,0,0,1,55
2,0,0,80,80,0,0,0,0,1,0,0,0,0,0,1,55
2,0,0,87,87,0,0,0,0,1,0,0,0,0,0,1,55
2,0,0,80,80,0,0,0,0,1,0,0,0,0,0,1,55
2,0,0,89,89,0,0,0,0,1,0,0,0,0,0,1,55
2,0,0,100,100,0,0,0,0,1,0,0,0,0,0,1,55
2,0,0,78,78,0,0,0,0,1,0,0,0,0,0,1,55
2,0,0,100,100,0,0,0,0,1,0,0,0,0,0,1,55
2,0,0,88,88,0,0,0,0,1,0,0,0,0,0,1,55
2,0,0,83,83,0,0,0,0,1,0,0,0,0,0,1,55
2,0,0,100,100,0,0,0,0,1,0,0,0,0,0,1,55
2,0,0,90,90,0,0,0,0,1,0,0,0,0,0,1,55
2,0,0,88,88,0,0,0,0,1,0,0,0,0,0,1,55
2,0,0,97,97,0,0,0,0,1,0,0,0,0,0,1,55
2,0,0,90,90,0,0,0,0,1,0,0,0,0,0,1,55
2,91.5,91.5420400185211,95,91.5420400185211,4,6,0,0,1,0,0,0,0,0,1,55
2,0,0,92,92,0,0,0,0,1,0,0,0,0,0,1,55
2,0,0,100,100,0,0,0,0,1,0,0,0,0,0,1,55
2,0,0,90,90,0,0,0,0,1,0,0,0,0,0,1,55
2,76.5,93.0337138665722,100,93.0337138665722,2,1,0,0.32,1,0,1,16.5337138665722,0,0,1,55
2,0,0,78,78,0,0,0,0,1,0,0,0,0,0,1,55
2,0,0,97,97,0,0,0,0,1,0,0,0,0,0,1,55
2,0,0,86,86,0,0,0,0,1,0,0,0,0,0,1,55
2,0,0,100,100,0,0,0,0,1,0,0,0,0,0,1,55
2,0,0,100,100,0,0,0,0,1,0,0,0,0,0,1,55
2,0,0,100,100,0,0,0,0,1,0,0,0,0,0,1,55
2,0,0,83,83,0,0,0,0,1,0,0,0,0,0,1,55
2,0,0,99,99,0,0,0,0,1,0,0,0,0,0,1,55
2,0,0,88,88,0,0,0,0,1,0,0,0,0,0,1,55
2,0,0,100,100,0,0,0,0,1,0,0,0,0,0,1,55
2,80.5,0,84,84,2,1,0,0,1,1,1,0,0,0,1,55
2,0,0,100,100,0,0,0,0,1,0,0,0,0,0,1,55
2,0,0,100,100,0,0,0,0,1,0,0,0,0,0,1,55
2,0,0,100,100,0,0,0,0,1,0,0,0,0,0,1,55
2,0,0,98,98,0,0,0,0,1,0,0,0,0,0,1,55
2,0,0,100,100,0,0,0,0,1,0,0,0,0,0,1,55
2,0,0,85,85,0,0,0,0,1,0,0,0,0,0,1,55
2,0,0,88,88,0,0,0,0,1,0,0,0,0,0,1,55
2,0,0,94,94,0,0,0,0,1,0,0,0,0,0,1,55
2,98.5,98.5300402611486,100,98.5300402611486,4,5,0,0.32,1,0,0,0,0,0,1,55
2,0,0,100,100,0,0,0,0,1,0,0,0,0,0,1,55
2,0,0,94,94,0,0,0,0,1,0,0,0,0,0,1,55
2,0,0,88,88,0,0,0,0,1,0,0,0,0,0,1,55
2,0,0,94,94,0,0,0,0,1,0,0,0,0,0,1,55
2,0,0,84,84,0,0,0,0,1,0,0,0,0,0,1,55
2,0,0,79,79,0,0,0,0,1,0,0,0,0,0,1,55
2,0,0,100,100,0,0,0,0,1,0,0,0,0,0,1,55
2,0,0,99,99,0,0,0,0,1,0,0,0,0,0,1,55
2,92.5,92.5512692967024,100,92.5512692967024,4,5,0,0.18,1,0,0,0,0,0,1,55
2,0,0,89,89,0,0,0,0,1,0,0,0,0,0,1,55
2,0,0,100,100,0,0,0,0,1,0,0,0,0,0,1,55
2,0,0,86,86,0,0,0,0,1,0,0,0,0,0,1,55
2,0,0,100,100,0,0,0,0,1,0,0,0,0,0,1,55
2,0,0,82,82,0,0,0,0,1,0,0,0,0,0,1,55
2,0,0,100,100,0,0,0,0,1,0,0,0,0,0,1,55
2,0,0,91,91,0,0,0,0,1,0,0,0,0,0,1,55
2,0,0,90,90,0,0,0,0,1,0,0,0,0,0,1,55
2,0,0,83,83,0,0,0,0,1,0,0,0,0,0,1,55
2,0,0,89,89,0,0,0,0,1,0,0,0,0,0,1,55
2,85.5,86.7376482937131,100,86.7376482937131,2,1,0,0.18,1,0,0,0,0,0,1,55
2,0,0,94,94,0,0,0,0,1,0,0,0,0,0,1,55
2,78.5,100,87,87,3,2,0,0.32,1,0,1,100,0,0,1,55
2,0,0,90,90,0,0,0,0,1,0,0,0,0,0,1,55
2,0,0,100,100,0,0,0,0,1,0,0,0,0,0,1,55
2,0,0,89,89,0,0,0,0,1,0,0,0,0,0,1,55
2,0,0,100,100,0,0,0,0,1,0,0,0,0,0,1,55
2,0,0,87,87,0,0,0,0,1,0,0,0,0,0,1,55
2,98.5,100,100,100,3,1,0,0.18,1,0,0,0,0,0,1,55
2,0,0,81,81,0,0,0,0,1,0,0,0,0,0,1,55
2,0,0,100,100,0,0,0,0,1,0,0,0,0,0,1,55
2,0,0,100,100,0,0,0,0,1,0,0,0,0,0,1,55
2,0,0,95,95,0,0,0,0,1,0,0,0,0,0,1,55
2,0,0,94,94,0,0,0,0,1,0,0,0,0,0,1,55
2,0,0,100,100,0,0,0,0,1,0,0,0,0,0,1,55
2,0,0,95,95,0,0,0,0,1,0,0,0,0,0,1,55
2,0,0,79,79,0,0,0,0,1,0,0,0,0,0,1,55
1,0,0,93,93,0,0,0,0,0,0,0,0,0,0,0,43
1,0,0,66,66,0,0,0,0,0,0,0,0,0,0,0,43
1,0,0,79,79,0,0,0,0,0,0,0,0,0,0,0,43
1,0,0,74,74,0,0,0,0,0,0,0,0,0,0,0,43
1,0,0,66,66,0,0,0,0,0,0,0,0,0,0,0,43
1,0,0,88,88,0,0,0,0,0,0,0,0,0,0,0,43
1,0,0,100,100,0,0,0,0,0,0,0,0,0,0,0,43
1,0,0,68,68,0,0,0,0,0,0,0,0,0,0,0,43
1,0,0,89,89,0,0,0,0,0,0,0,0,0,0,0,43
1,0,0,73,73,0,0,0,0,0,0,0,0,0,0,0,43
1,0,0,92,92,0,0,0,0,0,0,0,0,0,0,0,43
1,0,0,93,93,0,0,0,0,0,0,0,0,0,0,0,43
1,0,0,78,78,0,0,0,0,0,0,0,0,0,0,0,43
1,0,0,71,71,0,0,0,0,0,0,0,0,0,0,0,43
1,0,0,92,92,0,0,0,0,0,0,0,0,0,0,0,43
1,0,0,82,82,0,0,0,0,0,0,0,0,0,0,0,43
1,0,0,78,78,0,0,0,0,0,0,0,0,0,0,0,43
1,0,0,75,75,0,0,0,0,0,0,0,0,0,0,0,43
1,0,0,99,99,0,0,0,0,0,0,0,0,0,0,0,43
1,0,0,83,83,0,0,0,0,0,0,0,0,0,0,0,43
1,0,0,77,77,0,0,0,0,0,0,0,0,0,0,0,43
1,0,0,90,90,0,0,0,0,0,0,0,0,0,0,0,43
1,0,0,96,96,0,0,0,0,0,0,0,0,0,0,0,43
1,0,0,89,89,0,0,0,0,0,0,0,0,0,0,0,43
1,0,0,99,99,0,0,0,0,0,0,0,0,0,0,0,43
1,0,0,86,86,0,0,0,0,0,0,0,0,0,0,0,43
1,0,0,95,95,0,0,0,0,0,0,0,0,0,0,0,43
1,0,0,80,80,0,0,0,0,0,0,0,0,0,0,0,43
1,0,0,73,73,0,0,0,0,0,0,0,0,0,0,0,43
1,0,0,86,86,0,0,0,0,0,0,0,0,0,0,0,43
1,0,0,100,100,0,0,0,0,0,0,0,0,0,0,0,43
1,0,0,91,91,0,0,0,0,0,0,0,0,0,0,0,43
1,0,0,85,85,0,0,0,0,0,0,0,0,0,0,0,43
1,0,0,86,86,0,0,0,0,0,0,0,0,0,0,0,43
1,0,0,99,99,0,0,0,0,0,0,0,0,0,0,0,43
1,0,0,87,87,0,0,0,0,0,0,0,0,0,0,0,43
1,0,0,95,95,0,0,0,0,0,0,0,0,0,0,0,43
1,0,0,73,73,0,0,0,0,0,0,0,0,0,0,0,43
1,0,0,93,93,0,0,0,0,0,0,0,0,0,0,0,43
1,0,0,95,95,0,0,0,0,0,0,0,0,0,0,0,43
1,0,0,90,90,0,0,0,0,0,0,0,0,0,0,0,43
1,0,0,81,81,0,0,0,0,0,0,0,0,0,0,0,43
1,0,0,100,100,0,0,0,0,0,0,0,0,0,0,0,43
1,0,0,68,68,0,0,0,0,0,0,0,0,0,0,0,43
1,0,0,86,86,0,0,0,0,0,0,0,0,0,0,0,43
1,0,0,83,83,0,0,0,0,0,0,0,0,0,0,0,43
1,0,0,100,100,0,0,0,0,0,0,0,0,0,0,0,43
1,0,0,98,98,0,0,0,0,0,0,0,0,0,0,0,43
1,0,0,89,89,0,0,0,0,0,0,0,0,0,0,0,43
1,0,0,85,85,0,0,0,0,0,0,0,0,0,0,0,43
1,0,0,75,75,0,0,0,0,0,0,0,0,0,0,0,43
1,0,0,75,75,0,0,0,0,0,0,0,0,0,0,0,43
1,0,0,78,78,0,0,0,0,0,0,0,0,0,0,0,43
1,74.5,75.124623288554,75,75,3,4,0,0.32,0,0,0,0,0,0,0,43
1,0,0,86,86,0,0,0,0,0,0,0,0,0,0,0,43
1,0,0,81,81,0,0,0,0,0,0,0,0,0,0,0,43
1,0,0,77,77,0,0,0,0,0,0,0,0,0,0,0,43
1,90.5,91.285984169524,93,91.285984169524,2,6,0,0.32,0,0,0,0,0,0,0,43
1,0,0,81,81,0,0,0,0,0,0,0,0,0,0,0,43
1,0,0,74,74,0,0,0,0,0,0,0,0,0,0,0,43
1,0,0,100,100,0,0,0,0,0,0,0,0,0,0,0,43
1,0,0,88,88,0,0,0,0,0,0,0,0,0,0,0,43
1,0,0,91,91,0,0,0,0,0,0,0,0,0,0,0,43
1,0,0,80,80,0,0,0,0,0,0,0,0,0,0,0,43
1,0,0,73,73,0,0,0,0,0,0,0,0,0,0,0,43
1,0,0,90,90,0,0,0,0,0,0,0,0,0,0,0,43
1,0,0,74,74,0,0,0,0,0,0,0,0,0,0,0,43
1,0,0,90,90,0,0,0,0,0,0,0,0,0,0,0,43
1,0,0,97,97,0,0,0,0,0,0,0,0,0,0,0,43
1,0,0,93,93,0,0,0,0,0,0,0,0,0,0,0,43
1,0,0,94,94,0,0,0,0,0,0,0,0,0,0,0,43
1,0,0,66,66,0,0,0,0,0,0,0,0,0,0,0,43
1,0,0,72,72,0,0,0,0,0,0,0,0,0,0,0,43
1,0,0,86,86,0,0,0,0,0,0,0,0,0,0,0,43
1,0,0,97,97,0,0,0,0,0,0,0,0,0,0,0,43
1,0,0,93,93,0,0,0,0,0,0,0,0,0,0,0,43
1,0,0,76,76,0,0,0,0,0,0,0,0,0,0,0,43
1,0,0,85,85,0,0,0,0,0,0,0,0,0,0,0,43
1,0,0,84,84,0,0,0,0,0,0,0,0,0,0,0,43
1,0,0,74,74,0,0,0,0,0,0,0,0,0,0,0,43
1,0,0,78,78,0,0,0,0,0,0,0,0,0,0,0,43
1,0,0,100,100,0,0,0,0,0,0,0,0,0,0,0,43
1,0,0,100,100,0,0,0,0,0,0,0,0,0,0,0,43
1,0,0,80,80,0,0,0,0,0,0,0,0,0,0,0,43
1,0,0,96,96,0,0,0,0,0,0,0,0,0,0,0,43
1,0,0,96,96,0,0,0,0,0,0,0,0,0,0,0,43
1,0,0,100,100,0,0,0,0,0,0,0,0,0,0,0,43
1,0,0,75,75,0,0,0,0,0,0,0,0,0,0,0,43
1,69.5,100,80,80,2,5,0,0.18,0,0,0,0,0,0,0,43
1,0,0,100,100,0,0,0,0,0,0,0,0,0,0,0,43
1,0,0,75,75,0,0,0,0,0,0,0,0,0,0,0,43
1,0,0,93,93,0,0,0,0,0,0,0,0,0,0,0,43
1,0,0,68,68,0,0,0,0,0,0,0,0,0,0,0,43
1,0,0,91,91,0,0,0,0,0,0,0,0,0,0,0,43
1,0,0,87,87,0,0,0,0,0,0,0,0,0,0,0,43
1,0,0,96,96,0,0,0,0,0,0,0,0,0,0,0,43
1,0,0,90,90,0,0,0,0,0,0,0,0,0,0,0,43
1,0,0,70,70,0,0,0,0,0,0,0,0,0,0,0,43
1,0,0,98,98,0,0,0,0,0,0,0,0,0,0,0,43
1,0,0,79,79,0,0,0,0,0,0,0,0,0,0,0,43
1,0,0,90,90,0,0,0,0,0,0,0,0,0,0,0,43
1,0,0,93,93,0,0,0,0,0,0,0,0,0,0,0,43
1,0,0,82,82,0,0,0,0,0,0,0,0,0,0,0,43
1,0,0,90,90,0,0,0,0,0,0,0,0,0,0,0,43
1,0,0,99,99,0,0,0,0,0,0,0,0,0,0,0,43
1,85.5,85.6683675738313,87,85.6683675738313,2,5,0,0.18,0,0,0,0,0,0,0,43
1,0,0,82,82,0,0,0,0,0,0,0,0,0,0,0,43
1,0,0,71,71,0,0,0,0,0,0,0,0,0,0,0,43
1,0,0,95,95,0,0,0,0,0,0,0,0,0,0,0,43
1,0,0,100,100,0,0,0,0,0,0,0,0,0,0,0,43
1,0,0,68,68,0,0,0,0,0,0,0,0,0,0,0,43
1,65.5,71.4558392513206,93,71.4558392513206,2,6,0,0.28,0,0,0,0,0,0,0,43
1,0,0,87,87,0,0,0,0,0,0,0,0,0,0,0,43
1,0,0,71,71,0,0,0,0,0,0,0,0,0,0,0,43
1,0,0,94,94,0,0,0,0,0,0,0,0,0,0,0,43
1,0,0,65,65,0,0,0,0,0,0,0,0,0,0,0,43
1,0,0,87,87,0,0,0,0,0,0,0,0,0,0,0,43
1,0,0,87,87,0,0,0,0,0,0,0,0,0,0,0,43
1,0,0,100,100,0,0,0,0,0,0,0,0,0,0,0,43
1,0,0,67,67,0,0,0,0,0,0,0,0,0,0,0,43
1,0,0,66,66,0,0,0,0,0,0,0,0,0,0,0,43
1,0,0,85,85,0,0,0,0,0,0,0,0,0,0,0,43
1,0,0,77,77,0,0,0,0,0,0,0,0,0,0,0,43
1,0,0,97,97,0,0,0,0,0,0,0,0,0,0,0,43
1,0,0,95,95,0,0,0,0,0,0,0,0,0,0,0,43
1,0,0,75,75,0,0,0,0,0,0,0,0,0,0,0,43
1,0,0,86,86,0,0,0,0,0,0,0,0,0,0,0,43
1,0,0,87,87,0,0,0,0,0,0,0,0,0,0,0,43
1,0,0,78,78,0,0,0,0,0,0,0,0,0,0,0,43
1,0,0,90,90,0,0,0,0,0,0,0,0,0,0,0,43
1,0,0,71,71,0,0,0,0,0,0,0,0,0,0,0,43
1,0,0,89,89,0,0,0,0,0,0,0,0,0,0,0,43
1,0,0,89,89,0,0,0,0,0,0,0,0,0,0,0,43
1,0,0,100,100,0,0,0,0,0,0,0,0,0,0,0,43
1,0,0,69,69,0,0,0,0,0,0,0,0,0,0,0,43
1,0,0,100,100,0,0,0,0,0,0,0,0,0,0,0,43
1,65.5,68.9681490265234,82,68.9681490265234,2,6,0,0.14,0,0,0,0,0,0,0,43
1,0,0,65,65,0,0,0,0,0,0,0,0,0,0,0,43
1,0,0,81,81,0,0,0,0,0,0,0,0,0,0,0,43
1,0,0,88,88,0,0,0,0,0,0,0,0,0,0,0,43
1,0,0,100,100,0,0,0,0,0,0,0,0,0,0,0,43
1,0,0,100,100,0,0,0,0,0,0,0,0,0,0,0,43
1,84.5,89.5162196078592,99,89.5162196078592,2,2,0,0.18,0,0,0,0,0,0,0,43
1,0,0,73,73,0,0,0,0,0,0,0,0,0,0,0,43
1,0,0,95,95,0,0,0,0,0,0,0,0,0,0,0,43
1,0,0,86,86,0,0,0,0,0,0,0,0,0,0,0,43
1,0,0,84,84,0,0,0,0,0,0,0,0,0,0,0,43
1,0,0,97,97,0,0,0,0,0,0,0,0,0,0,0,43
1,0,0,97,97,0,0,0,0,0,0,0,0,0,0,0,43
1,0,0,85,85,0,0,0,0,0,0,0,0,0,0,0,43
1,0,0,100,100,0,0,0,0,0,0,0,0,0,0,0,43
1,0,0,89,89,0,0,0,0,0,0,0,0,0,0,0,43
1,0,0,80,80,0,0,0,0,0,0,0,0,0,0,0,43
1,81.5,81.7649193622931,85,81.7649193622931,2,6,0,0,0,0,0,0,0,0,0,43
1,0,0,80,80,0,0,0,0,0,0,0,0,0,0,0,43
1,0,0,97,97,0,0,0,0,0,0,0,0,0,0,0,43
1,0,0,77,77,0,0,0,0,0,0,0,0,0,0,0,43
1,0,0,90,90,0,0,0,0,0,0,0,0,0,0,0,43
1,0,0,100,100,0,0,0,0,0,0,0,0,0,0,0,43
1,0,0,87,87,0,0,0,0,0,0,0,0,0,0,0,43
1,0,0,85,85,0,0,0,0,0,0,0,0,0,0,0,43
1,0,0,100,100,0,0,0,0,0,0,0,0,0,0,0,43
1,0,0,84,84,0,0,0,0,0,0,0,0,0,0,0,43
1,0,0,89,89,0,0,0,0,0,0,0,0,0,0,0,43
1,0,0,79,79,0,0,0,0,0,0,0,0,0,0,0,43
1,0,0,75,75,0,0,0,0,0,0,0,0,0,0,0,43
1,0,0,65,65,0,0,0,0,0,0,0,0,0,0,0,43
1,0,0,82,82,0,0,0,0,0,0,0,0,0,0,0,43
1,0,0,94,94,0,0,0,0,0,0,0,0,0,0,0,43
1,0,0,92,92,0,0,0,0,0,0,0,0,0,0,0,43
1,0,0,100,100,0,0,0,0,0,0,0,0,0,0,0,43
1,0,0,65,65,0,0,0,0,0,0,0,0,0,0,0,43
1,100,0,100,100,2,1,0,0,0,1,0,0,0,0,0,43
1,0,0,100,100,0,0,0,0,0,0,0,0,0,0,0,43
1,0,0,93,93,0,0,0,0,0,0,0,0,0,0,0,43
1,0,0,78,78,0,0,0,0,0,0,0,0,0,0,0,43
1,0,0,79,79,0,0,0,0,0,0,0,0,0,0,0,43
1,0,0,87,87,0,0,0,0,0,0,0,0,0,0,0,43
1,0,0,68,68,0,0,0,0,0,0,0,0,0,0,0,43
1,0,0,66,66,0,0,0,0,0,0,0,0,0,0,0,43
1,0,0,92,92,0,0,0,0,0,0,0,0,0,0,0,43
1,0,0,66,66,0,0,0,0,0,0,0,0,0,0,0,43
1,0,0,94,94,0,0,0,0,0,0,0,0,0,0,0,43
1,0,0,78,78,0,0,0,0,0,0,0,0,0,0,0,43
1,0,0,95,95,0,0,0,0,0,0,0,0,0,0,0,43
1,0,0,74,74,0,0,0,0,0,0,0,0,0,0,0,43
1,89.5,89.5776306439277,90,89.5776306439277,4,4,0,0.32,0,0,0,0,0,0,0,43
1,0,0,68,68,0,0,0,0,0,0,0,0,0,0,0,43
1,0,0,100,100,0,0,0,0,0,0,0,0,0,0,0,43
1,69.5,71.9286707078894,91,71.9286707078894,3,1,0,0.18,1,0,1,0.937079979417454,0,0,1,48
1,0,0,89,89,0,0,0,0,1,0,0,0,0,0,1,48
1,0,0,76,76,0,0,0,0,1,0,0,0,0,0,1,48
1,0,0,69,69,0,0,0,0,1,0,0,0,0,0,1,48
1,0,0,84,84,0,0,0,0,1,0,0,0,0,0,1,48
1,0,0,85,85,0,0,0,0,1,0,0,0,0,0,1,48
1,67.5,100,71,71,2,2,0,0.14,1,0,1,60.4253751418006,0,0,1,48
1,0,0,71,71,0,0,0,0,1,0,0,0,0,0,1,48
1,0,0,79,79,0,0,0,0,1,0,0,0,0,0,1,48
1,0,0,87,87,0,0,0,0,1,0,0,0,0,0,1,48
1,0,0,76,76,0,0,0,0,1,0,0,0,0,0,1,48
1,0,0,74,74,0,0,0,0,1,0,0,0,0,0,1,48
1,0,0,76,76,0,0,0,0,1,0,0,0,0,0,1,48
1,0,0,89,89,0,0,0,0,1,0,0,0,0,0,1,48
1,0,0,70,70,0,0,0,0,1,0,0,0,0,0,1,48
1,0,0,77,77,0,0,0,0,1,0,0,0,0,0,1,48
1,0,0,70,70,0,0,0,0,1,0,0,0,0,0,1,48
1,0,0,78,78,0,0,0,0,1,0,0,0,0,0,1,48
1,0,0,91,91,0,0,0,0,1,0,0,0,0,0,1,48
1,0,0,68,68,0,0,0,0,1,0,0,0,0,0,1,48
1,0,0,85,85,0,0,0,0,1,0,0,0,0,0,1,48
1,0,0,91,91,0,0,0,0,1,0,0,0,0,0,1,48
1,0,0,67,67,0,0,0,0,1,0,0,0,0,0,1,48
1,0,0,67,67,0,0,0,0,1,0,0,0,0,0,1,48
1,0,0,87,87,0,0,0,0,1,0,0,0,0,0,1,48
1,0,0,74,74,0,0,0,0,1,0,0,0,0,0,1,48
1,0,0,76,76,0,0,0,0,1,0,0,0,0,0,1,48
1,0,0,82,82,0,0,0,0,1,0,0,0,0,0,1,48
1,0,0,87,87,0,0,0,0,1,0,0,0,0,0,1,48
1,0,0,69,69,0,0,0,0,1,0,0,0,0,0,1,48
1,0,0,75,75,0,0,0,0,1,0,0,0,0,0,1,48
1,0,0,80,80,0,0,0,0,1,0,0,0,0,0,1,48
1,0,0,70,70,0,0,0,0,1,0,0,0,0,0,1,48
1,0,0,95,95,0,0,0,0,1,0,0,0,0,0,1,48
1,0,0,71,71,0,0,0,0,1,0,0,0,0,0,1,48
1,73.5,100,86,86,2,2,0,0.18,1,0,1,43.2151812756525,0,0,1,48
1,0,0,85,85,0,0,0,0,1,0,0,0,0,0,1,48
1,0,0,69,69,0,0,0,0,1,0,0,0,0,0,1,48
1,67.5,100,77,77,3,1,0,0,1,0,1,643.262528893959,0,0,1,48
1,0,0,81,81,0,0,0,0,1,0,0,0,0,0,1,48
1,0,0,88,88,0,0,0,0,1,0,0,0,0,0,1,48
1,0,0,82,82,0,0,0,0,1,0,0,0,0,0,1,48
1,71.5,71.8463570804633,82,71.8463570804633,4,6,0,0,1,0,0,0,0,0,1,48
1,0,0,73,73,0,0,0,0,1,0,0,0,0,0,1,48
1,0,0,94,94,0,0,0,0,1,0,0,0,0,0,1,48
1,0,0,77,77,0,0,0,0,1,0,0,0,0,0,1,48
1,0,0,88,88,0,0,0,0,1,0,0,0,0,0,1,48
1,0,0,72,72,0,0,0,0,1,0,0,0,0,0,1,48
1,0,0,78,78,0,0,0,0,1,0,0,0,0,0,1,48
1,0,0,74,74,0,0,0,0,1,0,0,0,0,0,1,48
1,0,0,76,76,0,0,0,0,1,0,0,0,0,0,1,48
1,63.5,98.0047863223109,68,68,2,1,0,0.14,1,0,1,34.5047863223109,0,0,1,48
1,0,0,78,78,0,0,0,0,1,0,0,0,0,0,1,48
1,0,0,86,86,0,0,0,0,1,0,0,0,0,0,1,48
1,0,0,70,70,0,0,0,0,1,0,0,0,0,0,1,48
1,0,0,82,82,0,0,0,0,1,0,0,0,0,0,1,48
1,76.5,84.1456842894757,91,84.1456842894757,3,1,0,0.18,1,0,0,0,0,0,1,48
1,0,0,85,85,0,0,0,0,1,0,0,0,0,0,1,48
1,0,0,66,66,0,0,0,0,1,0,0,0,0,0,1,48
1,89,0,89,89,2,1,0,0,1,1,0,0,0,0,1,48
1,0,0,74,74,0,0,0,0,1,0,0,0,0,0,1,48
2,0,0,91,91,0,0,0,0,0,0,0,0,0,0,0,41
2,0,0,99,99,0,0,0,0,0,0,0,0,0,0,0,41
2,0,0,85,85,0,0,0,0,0,0,0,0,0,0,0,41
2,0,0,97,97,0,0,0,0,0,0,0,0,0,0,0,41
2,0,0,93,93,0,0,0,0,0,0,0,0,0,0,0,41
2,0,0,100,100,0,0,0,0,0,0,0,0,0,0,0,41
2,0,0,97,97,0,0,0,0,0,0,0,0,0,0,0,41
2,0,0,95,95,0,0,0,0,0,0,0,0,0,0,0,41
2,0,0,86,86,0,0,0,0,0,0,0,0,0,0,0,41
2,0,0,71,71,0,0,0,0,0,0,0,0,0,0,0,41
2,0,0,100,100,0,0,0,0,0,0,0,0,0,0,0,41
2,0,0,99,99,0,0,0,0,0,0,0,0,0,0,0,41
2,0,0,85,85,0,0,0,0,0,0,0,0,0,0,0,41
2,0,0,100,100,0,0,0,0,0,0,0,0,0,0,0,41
2,0,0,91,91,0,0,0,0,0,0,0,0,0,0,0,41
1,0,0,75,75,0,0,0,0,1,0,0,0,0,0,1,47
1,0,0,75,75,0,0,0,0,1,0,0,0,0,0,1,47
1,0,0,77,77,0,0,0,0,1,0,0,0,0,0,1,47
1,74.5,74.7758654692557,77,74.7758654692557,1,6,0,0.28,1,0,0,0,0,0,1,47
1,69.5,100,74,74,2,1,0,0.14,1,0,1,83.7515439857907,0,0,1,47
1,0,0,78,78,0,0,0,0,1,0,0,0,0,0,1,47
1,0,0,74,74,0,0,0,0,1,0,0,0,0,0,1,47
1,0,0,73,73,0,0,0,0,1,0,0,0,0,0,1,47
1,0,0,76,76,0,0,0,0,1,0,0,0,0,0,1,47
1,0,0,77,77,0,0,0,0,1,0,0,0,0,0,1,47
1,0,0,74,74,0,0,0,0,1,0,0,0,0,0,1,47
1,0,0,82,82,0,0,0,0,1,0,0,0,0,0,1,47
1,0,0,75,75,0,0,0,0,1,0,0,0,0,0,1,47
1,0,0,75,75,0,0,0,0,1,0,0,0,0,0,1,47
1,72.5,74.7854906530413,76,74.7854906530413,3,1,0,0.18,1,0,0,0,0,0,1,47
1,0,0,82,82,0,0,0,0,1,0,0,0,0,0,1,47
1,0,0,82,82,0,0,0,0,1,0,0,0,0,0,1,47
1,0,0,73,73,0,0,0,0,1,0,0,0,0,0,1,47
1,0,0,78,78,0,0,0,0,1,0,0,0,0,0,1,47
1,0,0,75,75,0,0,0,0,1,0,0,0,0,0,1,47
1,0,0,73,73,0,0,0,0,1,0,0,0,0,0,1,47
1,77.5,89.8955152619875,79,79,2,2,0,0.18,1,0,1,12.3955152619875,0,0,1,47
1,0,0,75,75,0,0,0,0,1,0,0,0,0,0,1,47
1,0,0,81,81,0,0,0,0,1,0,0,0,0,0,1,47
1,0,0,75,75,0,0,0,0,1,0,0,0,0,0,1,47
1,73.5,74.8813764759094,78,74.8813764759094,4,3,0,0.14,1,0,1,0.450579660475867,0,0,1,47
1,0,0,74,74,0,0,0,0,1,0,0,0,0,0,1,47
1,0,0,75,75,0,0,0,0,1,0,0,0,0,0,1,47
1,75.5,0,77,77,2,1,0,0,1,1,1,0,0,0,1,47
1,0,0,75,75,0,0,0,0,1,0,0,0,0,0,1,47
1,0,0,77,77,0,0,0,0,1,0,0,0,0,0,1,47
1,0,0,75,75,0,0,0,0,1,0,0,0,0,0,1,47
1,0,0,76,76,0,0,0,0,1,0,0,0,0,0,1,47
1,74.5,75.5431725212498,78,75.5431725212498,3,2,0,0.46,1,0,0,0,0,0,1,47
2,0,0,99,99,0,0,0,0,0,0,0,0,0,0,0,30
2,0,0,66,66,0,0,0,0,0,0,0,0,0,0,0,30
2,0,0,78,78,0,0,0,0,0,0,0,0,0,0,0,30
2,0,0,93,93,0,0,0,0,0,0,0,0,0,0,0,30
2,0,0,98,98,0,0,0,0,0,0,0,0,0,0,0,30
2,0,0,95,95,0,0,0,0,0,0,0,0,0,0,0,30
2,0,0,100,100,0,0,0,0,0,0,0,0,0,0,0,30
2,0,0,100,100,0,0,0,0,0,0,0,0,0,0,0,30
2,0,0,69,69,0,0,0,0,0,0,0,0,0,0,0,30
2,0,0,100,100,0,0,0,0,0,0,0,0,0,0,0,30
2,0,0,99,99,0,0,0,0,0,0,0,0,0,0,0,30
2,0,0,75,75,0,0,0,0,0,0,0,0,0,0,0,30
2,0,0,73,73,0,0,0,0,0,0,0,0,0,0,0,30
2,0,0,80,80,0,0,0,0,0,0,0,0,0,0,0,30
2,0,0,90,90,0,0,0,0,0,0,0,0,0,0,0,30
2,0,0,98,98,0,0,0,0,0,0,0,0,0,0,0,30
2,0,0,94,94,0,0,0,0,0,0,0,0,0,0,0,30
2,0,0,91,91,0,0,0,0,0,0,0,0,0,0,0,30
2,0,0,72,72,0,0,0,0,0,0,0,0,0,0,0,30
2,0,0,81,81,0,0,0,0,0,0,0,0,0,0,0,30
2,0,0,100,100,0,0,0,0,0,0,0,0,0,0,0,30
2,0,0,89,89,0,0,0,0,0,0,0,0,0,0,0,30
2,0,0,89,89,0,0,0,0,0,0,0,0,0,0,0,30
2,0,0,80,80,0,0,0,0,0,0,0,0,0,0,0,30
2,0,0,81,81,0,0,0,0,0,0,0,0,0,0,0,30
2,0,0,81,81,0,0,0,0,0,0,0,0,0,0,0,30
2,0,0,96,96,0,0,0,0,0,0,0,0,0,0,0,30
2,0,0,93,93,0,0,0,0,0,0,0,0,0,0,0,30
2,0,0,90,90,0,0,0,0,0,0,0,0,0,0,0,30
2,0,0,94,94,0,0,0,0,0,0,0,0,0,0,0,30
2,0,0,87,87,0,0,0,0,0,0,0,0,0,0,0,30
2,0,0,96,96,0,0,0,0,0,0,0,0,0,0,0,30
2,0,0,95,95,0,0,0,0,0,0,0,0,0,0,0,30
2,0,0,85,85,0,0,0,0,0,0,0,0,0,0,0,30
2,0,0,100,100,0,0,0,0,0,0,0,0,0,0,0,30
2,0,0,73,73,0,0,0,0,0,0,0,0,0,0,0,30
2,0,0,67,67,0,0,0,0,0,0,0,0,0,0,0,30
2,0,0,98,98,0,0,0,0,0,0,0,0,0,0,0,30
2,88.5,100,92,92,4,6,0,0.18,0,0,0,0,0,0,0,30
2,0,0,92,92,0,0,0,0,0,0,0,0,0,0,0,30
2,0,0,93,93,0,0,0,0,0,0,0,0,0,0,0,30
2,0,0,94,94,0,0,0,0,0,0,0,0,0,0,0,30
2,0,0,80,80,0,0,0,0,0,0,0,0,0,0,0,30
2,0,0,79,79,0,0,0,0,0,0,0,0,0,0,0,30
2,0,0,100,100,0,0,0,0,0,0,0,0,0,0,0,30
2,76.5,77.6324925552034,100,77.6324925552034,2,4,0,0.14,0,0,0,0,0,0,0,30
2,0,0,94,94,0,0,0,0,0,0,0,0,0,0,0,30
2,0,0,68,68,0,0,0,0,0,0,0,0,0,0,0,30
2,0,0,97,97,0,0,0,0,0,0,0,0,0,0,0,30
2,0,0,91,91,0,0,0,0,0,0,0,0,0,0,0,30
2,0,0,86,86,0,0,0,0,0,0,0,0,0,0,0,30
2,0,0,69,69,0,0,0,0,0,0,0,0,0,0,0,30
2,0,0,100,100,0,0,0,0,0,0,0,0,0,0,0,30
2,74.5,76.0858500383861,99,76.0858500383861,2,1,0,0.18,0,0,0,0,0,0,0,30
2,0,0,89,89,0,0,0,0,0,0,0,0,0,0,0,30
2,0,0,100,100,0,0,0,0,0,0,0,0,0,0,0,30
2,0,0,82,82,0,0,0,0,0,0,0,0,0,0,0,30
2,0,0,93,93,0,0,0,0,0,0,0,0,0,0,0,30
2,0,0,100,100,0,0,0,0,0,0,0,0,0,0,0,30
2,0,0,78,78,0,0,0,0,0,0,0,0,0,0,0,30
2,0,0,93,93,0,0,0,0,0,0,0,0,0,0,0,30
2,0,0,72,72,0,0,0,0,0,0,0,0,0,0,0,30
2,0,0,100,100,0,0,0,0,0,0,0,0,0,0,0,30
2,0,0,84,84,0,0,0,0,0,0,0,0,0,0,0,30
2,0,0,75,75,0,0,0,0,0,0,0,0,0,0,0,30
2,0,0,68,68,0,0,0,0,0,0,0,0,0,0,0,30
2,0,0,93,93,0,0,0,0,0,0,0,0,0,0,0,30
2,0,0,94,94,0,0,0,0,0,0,0,0,0,0,0,30
2,0,0,79,79,0,0,0,0,0,0,0,0,0,0,0,30
2,0,0,87,87,0,0,0,0,0,0,0,0,0,0,0,30
2,0,0,100,100,0,0,0,0,0,0,0,0,0,0,0,30
2,0,0,100,100,0,0,0,0,0,0,0,0,0,0,0,30
2,0,0,90,90,0,0,0,0,0,0,0,0,0,0,0,30
2,0,0,71,71,0,0,0,0,0,0,0,0,0,0,0,30
2,0,0,71,71,0,0,0,0,0,0,0,0,0,0,0,30
2,0,0,87,87,0,0,0,0,0,0,0,0,0,0,0,30
2,0,0,73,73,0,0,0,0,0,0,0,0,0,0,0,30
2,0,0,69,69,0,0,0,0,0,0,0,0,0,0,0,30
2,0,0,91,91,0,0,0,0,0,0,0,0,0,0,0,30
2,0,0,87,87,0,0,0,0,0,0,0,0,0,0,0,30
2,0,0,98,98,0,0,0,0,0,0,0,0,0,0,0,30
2,86.5,86.5333312639772,100,86.5333312639772,4,6,0,0.28,0,0,0,0,0,0,0,30
1,0,0,85,85,0,0,0,0,1,0,0,0,0,0,0,30
1,0,0,89,89,0,0,0,0,1,0,0,0,0,0,0,30
1,0,0,88,88,0,0,0,0,1,0,0,0,0,0,0,30
1,0,0,96,96,0,0,0,0,1,0,0,0,0,0,0,30
1,0,0,93,93,0,0,0,0,1,0,0,0,0,0,0,30
1,0,0,85,85,0,0,0,0,1,0,0,0,0,0,0,30
1,0,0,67,67,0,0,0,0,1,0,0,0,0,0,0,30
1,88.5,88.9979628495061,92,88.9979628495061,2,5,0,0.18,1,0,0,0,0,0,0,30
1,87.5,100,99,99,2,6,0,0.28,1,0,0,0,0,0,0,30
1,0,0,95,95,0,0,0,0,1,0,0,0,0,0,0,30
1,0,0,94,94,0,0,0,0,1,0,0,0,0,0,0,30
1,0,0,87,87,0,0,0,0,1,0,0,0,0,0,0,30
1,0,0,82,82,0,0,0,0,1,0,0,0,0,0,0,30
1,0,0,89,89,0,0,0,0,1,0,0,0,0,0,0,30
1,0,0,91,91,0,0,0,0,1,0,0,0,0,0,0,30
1,0,0,88,88,0,0,0,0,1,0,0,0,0,0,0,30
1,0,0,83,83,0,0,0,0,1,0,0,0,0,0,0,30
1,92,0,92,92,2,1,0,0,1,1,0,0,0,0,0,30
1,0,0,80,80,0,0,0,0,1,0,0,0,0,0,0,30
1,0,0,88,88,0,0,0,0,1,0,0,0,0,0,0,30
1,55.5,100,89,89,2,1,0,0.32,1,0,1,44.2703876388577,0,0,0,30
1,0,0,87,87,0,0,0,0,1,0,0,0,0,0,0,30
1,0,0,75,75,0,0,0,0,1,0,0,0,0,0,0,30
1,0,0,81,81,0,0,0,0,1,0,0,0,0,0,0,30
1,0,0,70,70,0,0,0,0,1,0,0,0,0,0,0,30
1,0,0,89,89,0,0,0,0,1,0,0,0,0,0,0,30
1,78.5,79.6524121826681,93,79.6524121826681,2,5,0,0.32,1,0,0,0,0,0,0,30
1,0,0,100,100,0,0,0,0,1,0,0,0,0,0,0,30
1,0,0,69,69,0,0,0,0,1,0,0,0,0,0,0,30
1,0,0,97,97,0,0,0,0,1,0,0,0,0,0,0,30
1,0,0,97,97,0,0,0,0,1,0,0,0,0,0,0,30
1,0,0,82,82,0,0,0,0,1,0,0,0,0,0,0,30
1,76.5,76.7110063710644,97,76.7110063710644,4,6,0,0.14,1,0,0,0,0,0,0,30
1,76.5,77.866142386746,94,77.866142386746,2,4,0,0.32,1,0,0,0,0,0,0,30
1,78.5,81.7068651453068,98,81.7068651453068,2,1,0,0.18,1,0,0,0,0,0,0,30
1,0,0,100,100,0,0,0,0,1,0,0,0,0,0,0,30
1,74.5,75.1076782925356,100,75.1076782925356,4,5,0,0.18,1,0,0,0,0,0,0,30
1,0,0,92,92,0,0,0,0,1,0,0,0,0,0,0,30
1,0,0,100,100,0,0,0,0,1,0,0,0,0,0,0,30
1,0,0,95,95,0,0,0,0,1,0,0,0,0,0,0,30
1,0,0,86,86,0,0,0,0,1,0,0,0,0,0,0,30
1,80.5,88.5504255838475,100,88.5504255838475,1,1,0,0.18,1,0,0,0,0,0,0,30
1,0,0,91,91,0,0,0,0,1,0,0,0,0,0,0,30
1,0,0,91,91,0,0,0,0,1,0,0,0,0,0,0,30
1,0,0,97,97,0,0,0,0,1,0,0,0,0,0,0,30
1,78.5,78.7712865963101,88,78.7712865963101,2,6,0,0.14,1,0,0,0,0,0,0,30
1,0,0,100,100,0,0,0,0,1,0,0,0,0,0,0,30
1,0,0,73,73,0,0,0,0,1,0,0,0,0,0,0,30
1,0,0,76,76,0,0,0,0,1,0,0,0,0,0,0,30
1,0,0,92,92,0,0,0,0,1,0,0,0,0,0,0,30
1,0,0,92,92,0,0,0,0,1,0,0,0,0,0,0,30
1,0,0,90,90,0,0,0,0,1,0,0,0,0,0,0,30
1,0,0,63,63,0,0,0,0,1,0,0,0,0,0,0,30
1,0,0,94,94,0,0,0,0,1,0,0,0,0,0,0,30
1,75.5,75.6399351819947,100,75.6399351819947,2,5,0,0.18,1,0,0,0,0,0,0,30
1,0,0,93,93,0,0,0,0,1,0,0,0,0,0,0,30
1,0,0,100,100,0,0,0,0,1,0,0,0,0,0,0,30
1,0,0,83,83,0,0,0,0,1,0,0,0,0,0,0,30
1,0,0,67,67,0,0,0,0,1,0,0,0,0,0,0,30
1,0,0,87,87,0,0,0,0,1,0,0,0,0,0,0,30
1,0,0,100,100,0,0,0,0,1,0,0,0,0,0,0,30
1,76.5,76.7483015951058,96,76.7483015951058,2,2,0,0.18,1,0,0,0,0,0,0,30
1,0,0,100,100,0,0,0,0,1,0,0,0,0,0,0,30
1,0,0,93,93,0,0,0,0,1,0,0,0,0,0,0,30
1,0,0,85,85,0,0,0,0,1,0,0,0,0,0,0,30
1,0,0,70,70,0,0,0,0,1,0,0,0,0,0,0,30
1,71.5,84.5654950618521,90,84.5654950618521,2,2,0,0.18,1,0,0,0,0,0,0,30
1,0,0,95,95,0,0,0,0,1,0,0,0,0,0,0,30
1,0,0,95,95,0,0,0,0,1,0,0,0,0,0,0,30
1,0,0,91,91,0,0,0,0,1,0,0,0,0,0,0,30
1,0,0,86,86,0,0,0,0,1,0,0,0,0,0,0,30
1,0,0,85,85,0,0,0,0,1,0,0,0,0,0,0,30
1,0,0,100,100,0,0,0,0,1,0,0,0,0,0,0,30
1,0,0,87,87,0,0,0,0,1,0,0,0,0,0,0,30
1,74.5,74.9350477462102,87,74.9350477462102,2,6,0,0,1,0,0,0,0,0,0,30
1,0,0,87,87,0,0,0,0,1,0,0,0,0,0,0,30
1,0,0,83,83,0,0,0,0,1,0,0,0,0,0,0,30
1,0,0,87,87,0,0,0,0,1,0,0,0,0,0,0,30
1,0,0,70,70,0,0,0,0,1,0,0,0,0,0,0,30
1,0,0,100,100,0,0,0,0,1,0,0,0,0,0,0,30
1,0,0,99,99,0,0,0,0,1,0,0,0,0,0,0,30
1,0,0,73,73,0,0,0,0,1,0,0,0,0,0,0,30
1,0,0,94,94,0,0,0,0,1,0,0,0,0,0,0,30
1,0,0,77,77,0,0,0,0,1,0,0,0,0,0,0,30
1,0,0,100,100,0,0,0,0,1,0,0,0,0,0,0,30
1,0,0,81,81,0,0,0,0,1,0,0,0,0,0,0,30
1,0,0,90,90,0,0,0,0,1,0,0,0,0,0,0,30
1,0,0,100,100,0,0,0,0,1,0,0,0,0,0,0,30
1,0,0,71,71,0,0,0,0,1,0,0,0,0,0,0,30
1,0,0,74,74,0,0,0,0,1,0,0,0,0,0,0,30
1,0,0,99,99,0,0,0,0,1,0,0,0,0,0,0,30
1,0,0,60,60,0,0,0,0,1,0,0,0,0,0,0,30
1,0,0,58,58,0,0,0,0,1,0,0,0,0,0,0,30
1,0,0,75,75,0,0,0,0,1,0,0,0,0,0,0,30
1,0,0,100,100,0,0,0,0,1,0,0,0,0,0,0,30
1,0,0,90,90,0,0,0,0,1,0,0,0,0,0,0,30
1,0,0,92,92,0,0,0,0,1,0,0,0,0,0,0,30
1,0,0,66,66,0,0,0,0,1,0,0,0,0,0,0,30
1,0,0,79,79,0,0,0,0,1,0,0,0,0,0,0,30
1,87.5,87.6240060817116,93,87.6240060817116,2,6,0,0.14,1,0,0,0,0,0,0,30
1,0,0,84,84,0,0,0,0,1,0,0,0,0,0,0,30
1,0,0,81,81,0,0,0,0,1,0,0,0,0,0,0,30
1,0,0,84,84,0,0,0,0,1,0,0,0,0,0,0,30
1,0,0,77,77,0,0,0,0,1,0,0,0,0,0,0,30
1,0,0,100,100,0,0,0,0,1,0,0,0,0,0,0,30
1,0,0,80,80,0,0,0,0,1,0,0,0,0,0,0,30
1,0,0,91,91,0,0,0,0,1,0,0,0,0,0,0,30
1,79.5,81.0457327313893,80,80,4,5,0,0.18,1,0,0,0,0,0,0,30
1,0,0,93,93,0,0,0,0,1,0,0,0,0,0,0,30
1,0,0,77,77,0,0,0,0,1,0,0,0,0,0,0,30
1,0,0,87,87,0,0,0,0,1,0,0,0,0,0,0,30
1,0,0,91,91,0,0,0,0,1,0,0,0,0,0,0,30
1,0,0,61,61,0,0,0,0,1,0,0,0,0,0,0,30
1,0,0,71,71,0,0,0,0,1,0,0,0,0,0,0,30
1,68.5,73.0754170735474,77,73.0754170735474,2,4,0,0.28,1,0,0,0,0,0,0,30
1,0,0,86,86,0,0,0,0,1,0,0,0,0,0,0,30
1,0,0,75,75,0,0,0,0,1,0,0,0,0,0,0,30
1,0,0,90,90,0,0,0,0,1,0,0,0,0,0,0,30
1,0,0,82,82,0,0,0,0,1,0,0,0,0,0,0,30
1,0,0,85,85,0,0,0,0,1,0,0,0,0,0,0,30
1,0,0,76,76,0,0,0,0,1,0,0,0,0,0,0,30
1,0,0,84,84,0,0,0,0,1,0,0,0,0,0,0,30
1,0,0,82,82,0,0,0,0,1,0,0,0,0,0,0,30
1,0,0,75,75,0,0,0,0,1,0,0,0,0,0,0,30
1,0,0,78,78,0,0,0,0,1,0,0,0,0,0,0,30
1,0,0,89,89,0,0,0,0,1,0,0,0,0,0,0,30
1,0,0,95,95,0,0,0,0,1,0,0,0,0,0,0,30
1,0,0,90,90,0,0,0,0,1,0,0,0,0,0,0,30
1,0,0,75,75,0,0,0,0,1,0,0,0,0,0,0,30
1,0,0,95,95,0,0,0,0,1,0,0,0,0,0,0,30
1,0,0,59,59,0,0,0,0,1,0,0,0,0,0,0,30
1,74.5,81.9070914546767,82,81.9070914546767,2,1,0,0.14,1,0,0,0,0,0,0,30
1,0,0,61,61,0,0,0,0,1,0,0,0,0,0,0,30
1,0,0,100,100,0,0,0,0,1,0,0,0,0,0,0,30
1,0,0,85,85,0,0,0,0,1,0,0,0,0,0,0,30
1,0,0,58,58,0,0,0,0,1,0,0,0,0,0,0,30
1,0,0,90,90,0,0,0,0,1,0,0,0,0,0,0,30
1,0,0,80,80,0,0,0,0,1,0,0,0,0,0,0,30
1,0,0,97,97,0,0,0,0,1,0,0,0,0,0,0,30
1,0,0,94,94,0,0,0,0,1,0,0,0,0,0,0,30
1,0,0,100,100,0,0,0,0,1,0,0,0,0,0,0,30
1,0,0,93,93,0,0,0,0,1,0,0,0,0,0,0,30
1,55.5,57.6000469663384,92,57.6000469663384,3,2,0,0.14,1,0,1,1.43394034061182,0,0,0,30
1,0,0,100,100,0,0,0,0,1,0,0,0,0,0,0,30
1,0,0,84,84,0,0,0,0,1,0,0,0,0,0,0,30
1,0,0,81,81,0,0,0,0,1,0,0,0,0,0,0,30
1,0,0,80,80,0,0,0,0,1,0,0,0,0,0,0,30
1,0,0,91,91,0,0,0,0,1,0,0,0,0,0,0,30
1,0,0,92,92,0,0,0,0,1,0,0,0,0,0,0,30
1,0,0,100,100,0,0,0,0,1,0,0,0,0,0,0,30
1,72.5,100,91,91,2,4,0,0.14,1,0,0,0,0,0,0,30
1,0,0,76,76,0,0,0,0,1,0,0,0,0,0,0,30
1,0,0,61,61,0,0,0,0,1,0,0,0,0,0,0,30
1,0,0,99,99,0,0,0,0,1,0,0,0,0,0,0,30
1,0,0,85,85,0,0,0,0,1,0,0,0,0,0,0,30
1,0,0,95,95,0,0,0,0,1,0,0,0,0,0,0,30
1,0,0,91,91,0,0,0,0,1,0,0,0,0,0,0,30
1,0,0,96,96,0,0,0,0,1,0,0,0,0,0,0,30
1,0,0,100,100,0,0,0,0,1,0,0,0,0,0,0,30
1,0,0,85,85,0,0,0,0,1,0,0,0,0,0,0,30
1,0,0,87,87,0,0,0,0,1,0,0,0,0,0,0,30
1,0,0,85,85,0,0,0,0,1,0,0,0,0,0,0,30
1,0,0,100,100,0,0,0,0,1,0,0,0,0,0,0,30
1,0,0,81,81,0,0,0,0,1,0,0,0,0,0,0,30
1,0,0,60,60,0,0,0,0,1,0,0,0,0,0,0,30
1,0,0,88,88,0,0,0,0,1,0,0,0,0,0,0,30
1,0,0,64,64,0,0,0,0,1,0,0,0,0,0,0,30
1,0,0,72,72,0,0,0,0,1,0,0,0,0,0,0,30
1,0,0,68,68,0,0,0,0,1,0,0,0,0,0,0,30
1,0,0,100,100,0,0,0,0,1,0,0,0,0,0,0,30
1,87.5,88.1508888330258,89,88.1508888330258,2,6,0,0.14,1,0,0,0,0,0,0,30
1,88.5,88.5571468233246,92,88.5571468233246,4,6,0,0,1,0,0,0,0,0,0,30
1,0,0,70,70,0,0,0,0,1,0,0,0,0,0,0,30
1,0,0,80,80,0,0,0,0,1,0,0,0,0,0,0,30
1,0,0,60,60,0,0,0,0,1,0,0,0,0,0,0,30
1,0,0,67,67,0,0,0,0,1,0,0,0,0,0,0,30
1,0,0,100,100,0,0,0,0,1,0,0,0,0,0,0,30
1,86,0,86,86,2,1,0,0,1,1,0,0,0,0,0,30
1,0,0,95,95,0,0,0,0,1,0,0,0,0,0,0,30
1,0,0,100,100,0,0,0,0,1,0,0,0,0,0,0,30
1,0,0,91,91,0,0,0,0,1,0,0,0,0,0,0,30
1,0,0,90,90,0,0,0,0,1,0,0,0,0,0,0,30
1,0,0,85,85,0,0,0,0,1,0,0,0,0,0,0,30
1,68.5,69.2819821418229,100,69.2819821418229,2,4,0,0.32,1,0,0,0,0,0,0,30
1,0,0,100,100,0,0,0,0,1,0,0,0,0,0,0,30
1,0,0,71,71,0,0,0,0,1,0,0,0,0,0,0,30
1,0,0,68,68,0,0,0,0,1,0,0,0,0,0,0,30
1,0,0,83,83,0,0,0,0,1,0,0,0,0,0,0,30
1,0,0,73,73,0,0,0,0,1,0,0,0,0,0,0,30
1,0,0,93,93,0,0,0,0,1,0,0,0,0,0,0,30
1,0,0,90,90,0,0,0,0,1,0,0,0,0,0,0,30
1,0,0,66,66,0,0,0,0,1,0,0,0,0,0,0,30
1,0,0,95,95,0,0,0,0,1,0,0,0,0,0,0,30
1,0,0,79,79,0,0,0,0,1,0,0,0,0,0,0,30
1,0,0,71,71,0,0,0,0,1,0,0,0,0,0,0,30
1,0,0,80,80,0,0,0,0,1,0,0,0,0,0,0,30
1,0,0,95,95,0,0,0,0,1,0,0,0,0,0,0,30
1,0,0,93,93,0,0,0,0,1,0,0,0,0,0,0,30
1,0,0,100,100,0,0,0,0,1,0,0,0,0,0,0,30
1,0,0,72,72,0,0,0,0,1,0,0,0,0,0,0,30
1,0,0,82,82,0,0,0,0,1,0,0,0,0,0,0,30
1,0,0,87,87,0,0,0,0,1,0,0,0,0,0,0,30
1,93,0,93,93,2,1,0,0,1,1,0,0,0,0,0,30
1,0,0,83,83,0,0,0,0,1,0,0,0,0,0,0,30
1,0,0,79,79,0,0,0,0,1,0,0,0,0,0,0,30
1,0,0,80,80,0,0,0,0,1,0,0,0,0,0,0,30
1,0,0,92,92,0,0,0,0,1,0,0,0,0,0,0,30
1,0,0,67,67,0,0,0,0,1,0,0,0,0,0,0,30
1,0,0,95,95,0,0,0,0,1,0,0,0,0,0,0,30
1,0,0,70,70,0,0,0,0,1,0,0,0,0,0,0,30
1,0,0,100,100,0,0,0,0,1,0,0,0,0,0,0,30
1,0,0,85,85,0,0,0,0,1,0,0,0,0,0,0,30
1,0,0,90,90,0,0,0,0,1,0,0,0,0,0,0,30
1,0,0,71,71,0,0,0,0,1,0,0,0,0,0,0,30
1,0,0,99,99,0,0,0,0,1,0,0,0,0,0,0,30
1,0,0,84,84,0,0,0,0,1,0,0,0,0,0,0,30
1,0,0,98,98,0,0,0,0,1,0,0,0,0,0,0,30
1,0,0,79,79,0,0,0,0,1,0,0,0,0,0,0,30
1,0,0,81,81,0,0,0,0,1,0,0,0,0,0,0,30
1,0,0,100,100,0,0,0,0,1,0,0,0,0,0,0,30
1,0,0,72,72,0,0,0,0,1,0,0,0,0,0,0,30
1,0,0,100,100,0,0,0,0,1,0,0,0,0,0,0,30
1,0,0,68,68,0,0,0,0,1,0,0,0,0,0,0,30
1,0,0,95,95,0,0,0,0,1,0,0,0,0,0,0,30
1,0,0,73,73,0,0,0,0,1,0,0,0,0,0,0,30
1,0,0,90,90,0,0,0,0,1,0,0,0,0,0,0,30
1,0,0,83,83,0,0,0,0,1,0,0,0,0,0,0,30
1,90.5,92.0189918495038,96,92.0189918495038,2,6,0,0.28,1,0,0,0,0,0,0,30
1,0,0,93,93,0,0,0,0,1,0,0,0,0,0,0,30
1,0,0,93,93,0,0,0,0,1,0,0,0,0,0,0,30
1,0,0,87,87,0,0,0,0,1,0,0,0,0,0,0,30
1,0,0,86,86,0,0,0,0,1,0,0,0,0,0,0,30
1,0,0,93,93,0,0,0,0,1,0,0,0,0,0,0,30
1,95.5,95.6274721411286,96,95.6274721411286,4,5,0,0.18,1,0,0,0,0,0,0,30
1,0,0,82,82,0,0,0,0,1,0,0,0,0,0,0,30
1,0,0,87,87,0,0,0,0,1,0,0,0,0,0,0,30
1,0,0,98,98,0,0,0,0,1,0,0,0,0,0,0,30
1,0,0,74,74,0,0,0,0,1,0,0,0,0,0,0,30
1,0,0,97,97,0,0,0,0,1,0,0,0,0,0,0,30
1,0,0,87,87,0,0,0,0,1,0,0,0,0,0,0,30
1,83.5,83.5171210244657,98,83.5171210244657,1,6,0,0.14,1,0,0,0,0,0,0,30
1,0,0,81,81,0,0,0,0,1,0,0,0,0,0,0,30
1,0,0,62,62,0,0,0,0,1,0,0,0,0,0,0,30
1,0,0,94,94,0,0,0,0,1,0,0,0,0,0,0,30
1,0,0,100,100,0,0,0,0,1,0,0,0,0,0,0,30
1,0,0,90,90,0,0,0,0,1,0,0,0,0,0,0,30
1,92.5,94.7597465208091,98,94.7597465208091,2,6,0,0.14,1,0,0,0,0,0,0,30
1,0,0,94,94,0,0,0,0,1,0,0,0,0,0,0,30
1,0,0,100,100,0,0,0,0,1,0,0,0,0,0,0,30
1,0,0,74,74,0,0,0,0,1,0,0,0,0,0,0,30
1,0,0,75,75,0,0,0,0,1,0,0,0,0,0,0,30
1,0,0,93,93,0,0,0,0,1,0,0,0,0,0,0,30
1,0,0,87,87,0,0,0,0,1,0,0,0,0,0,0,30
1,0,0,100,100,0,0,0,0,1,0,0,0,0,0,0,31
1,0,0,73,73,0,0,0,0,1,0,0,0,0,0,0,31
1,0,0,75,75,0,0,0,0,1,0,0,0,0,0,0,31
1,0,0,99,99,0,0,0,0,1,0,0,0,0,0,0,31
1,0,0,91,91,0,0,0,0,1,0,0,0,0,0,0,31
1,0,0,88,88,0,0,0,0,1,0,0,0,0,0,0,31
1,0,0,100,100,0,0,0,0,1,0,0,0,0,0,0,31
1,0,0,81,81,0,0,0,0,1,0,0,0,0,0,0,31
1,0,0,82,82,0,0,0,0,1,0,0,0,0,0,0,31
1,0,0,98,98,0,0,0,0,1,0,0,0,0,0,0,31
1,0,0,68,68,0,0,0,0,1,0,0,0,0,0,0,31
1,0,0,53,53,0,0,0,0,1,0,0,0,0,0,0,31
1,0,0,64,64,0,0,0,0,1,0,0,0,0,0,0,31
1,0,0,77,77,0,0,0,0,1,0,0,0,0,0,0,31
1,0,0,94,94,0,0,0,0,1,0,0,0,0,0,0,31
1,0,0,100,100,0,0,0,0,1,0,0,0,0,0,0,31
1,0,0,72,72,0,0,0,0,1,0,0,0,0,0,0,31
1,0,0,92,92,0,0,0,0,1,0,0,0,0,0,0,31
1,0,0,76,76,0,0,0,0,1,0,0,0,0,0,0,31
1,0,0,73,73,0,0,0,0,1,0,0,0,0,0,0,31
1,0,0,94,94,0,0,0,0,1,0,0,0,0,0,0,31
1,0,0,99,99,0,0,0,0,1,0,0,0,0,0,0,31
1,0,0,90,90,0,0,0,0,1,0,0,0,0,0,0,31
1,0,0,87,87,0,0,0,0,1,0,0,0,0,0,0,31
1,0,0,95,95,0,0,0,0,1,0,0,0,0,0,0,31
1,0,0,88,88,0,0,0,0,1,0,0,0,0,0,0,31
1,0,0,53,53,0,0,0,0,1,0,0,0,0,0,0,31
1,0,0,89,89,0,0,0,0,1,0,0,0,0,0,0,31
1,0,0,65,65,0,0,0,0,1,0,0,0,0,0,0,31
1,0,0,81,81,0,0,0,0,1,0,0,0,0,0,0,31
1,0,0,97,97,0,0,0,0,1,0,0,0,0,0,0,31
1,0,0,91,91,0,0,0,0,1,0,0,0,0,0,0,31
1,0,0,72,72,0,0,0,0,1,0,0,0,0,0,0,31
1,81.5,81.6012025327112,85,81.6012025327112,1,5,0,0.46,1,0,0,0,0,0,0,31
1,72.5,73.0128599120341,86,73.0128599120341,2,6,0,0,1,0,0,0,0,0,0,31
1,0,0,92,92,0,0,0,0,1,0,0,0,0,0,0,31
1,0,0,74,74,0,0,0,0,1,0,0,0,0,0,0,31
1,0,0,96,96,0,0,0,0,1,0,0,0,0,0,0,31
1,0,0,96,96,0,0,0,0,1,0,0,0,0,0,0,31
1,0,0,99,99,0,0,0,0,1,0,0,0,0,0,0,31
1,0,0,96,96,0,0,0,0,1,0,0,0,0,0,0,31
1,0,0,100,100,0,0,0,0,1,0,0,0,0,0,0,31
2,67.5,100,87,87,3,1,0,0.18,1,0,1,1475.82321564322,0,0,1,55
2,0,0,91,91,0,0,0,0,1,0,0,0,0,0,1,55
2,0,0,81,81,0,0,0,0,1,0,0,0,0,0,1,55
2,0,0,81,81,0,0,0,0,1,0,0,0,0,0,1,55
2,0,0,89,89,0,0,0,0,1,0,0,0,0,0,1,55
2,69.5,100,94,94,2,1,0,0.18,1,0,1,49.0615600264169,0,0,1,55
2,0,0,92,92,0,0,0,0,1,0,0,0,0,0,1,55
2,0,0,100,100,0,0,0,0,1,0,0,0,0,0,1,55
2,0,0,92,92,0,0,0,0,1,0,0,0,0,0,1,55
2,0,0,73,73,0,0,0,0,1,0,0,0,0,0,1,55
2,0,0,100,100,0,0,0,0,1,0,0,0,0,0,1,55
2,0,0,82,82,0,0,0,0,1,0,0,0,0,0,1,55
2,0,0,95,95,0,0,0,0,1,0,0,0,0,0,1,55
2,0,0,76,76,0,0,0,0,1,0,0,0,0,0,1,55
2,0,0,76,76,0,0,0,0,1,0,0,0,0,0,1,55
2,0,0,74,74,0,0,0,0,1,0,0,0,0,0,1,55
2,67.5,84.9944947915255,81,81,4,1,0,0.14,1,0,1,17.4944947915255,0,0,1,55
2,0,0,79,79,0,0,0,0,1,0,0,0,0,0,1,55
2,0,0,88,88,0,0,0,0,1,0,0,0,0,0,1,55
2,0,0,75,75,0,0,0,0,1,0,0,0,0,0,1,55
2,0,0,90,90,0,0,0,0,1,0,0,0,0,0,1,55
2,0,0,95,95,0,0,0,0,1,0,0,0,0,0,1,55
2,69.5,100,92,92,2,1,0,0.14,1,0,1,137.187092491268,0,0,1,55
2,0,0,95,95,0,0,0,0,1,0,0,0,0,0,1,55
2,0,0,81,81,0,0,0,0,1,0,0,0,0,0,1,55
2,0,0,98,98,0,0,0,0,1,0,0,0,0,0,1,55
2,0,0,76,76,0,0,0,0,1,0,0,0,0,0,1,55
2,0,0,87,87,0,0,0,0,1,0,0,0,0,0,1,55
2,0,0,84,84,0,0,0,0,1,0,0,0,0,0,1,55
2,0,0,99,99,0,0,0,0,1,0,0,0,0,0,1,55
2,0,0,89,89,0,0,0,0,1,0,0,0,0,0,1,55
2,0,0,74,74,0,0,0,0,1,0,0,0,0,0,1,55
2,0,0,93,93,0,0,0,0,1,0,0,0,0,0,1,55
2,0,0,79,79,0,0,0,0,1,0,0,0,0,0,1,55
2,0,0,81,81,0,0,0,0,1,0,0,0,0,0,1,55
2,0,0,79,79,0,0,0,0,1,0,0,0,0,0,1,55
2,0,0,91,91,0,0,0,0,1,0,0,0,0,0,1,55
2,90.5,95.5735929905809,91,91,2,1,0,0.18,1,0,0,0,0,0,1,55
2,68.5,80.7554306211377,95,80.7554306211377,2,1,0,0.18,1,0,1,11.1784267885257,0,0,1,55
2,0,0,77,77,0,0,0,0,1,0,0,0,0,0,1,55
2,74.5,0,78,78,2,1,0,0,1,1,1,0,0,0,1,55
2,0,0,84,84,0,0,0,0,1,0,0,0,0,0,1,55
2,0,0,85,85,0,0,0,0,1,0,0,0,0,0,1,55
2,71.5,80.7189146792646,90,80.7189146792646,2,1,0,0.14,1,0,1,6.39033161014876,0,0,1,55
2,0,0,82,82,0,0,0,0,1,0,0,0,0,0,1,55
2,71.5,100,89,89,2,1,0,0.46,1,0,1,163.55197262545,0,0,1,55
2,0,0,90,90,0,0,0,0,1,0,0,0,0,0,1,55
2,0,0,78,78,0,0,0,0,1,0,0,0,0,0,1,55
2,0,0,87,87,0,0,0,0,1,0,0,0,0,0,1,55
2,0,0,91,91,0,0,0,0,1,0,0,0,0,0,1,55
2,0,0,88,88,0,0,0,0,1,0,0,0,0,0,1,55
2,83.5,84.5940400732961,91,84.5940400732961,2,4,0,0.14,1,0,0,0,0,0,1,55
2,0,0,95,95,0,0,0,0,1,0,0,0,0,0,1,55
2,0,0,76,76,0,0,0,0,1,0,0,0,0,0,1,55
2,0,0,73,73,0,0,0,0,1,0,0,0,0,0,1,55
2,0,0,87,87,0,0,0,0,1,0,0,0,0,0,1,55
2,0,0,83,83,0,0,0,0,1,0,0,0,0,0,1,55
2,0,0,92,92,0,0,0,0,1,0,0,0,0,0,1,55
2,79.5,82.8645845747734,83,82.8645845747734,2,4,0,0.14,1,0,1,2.69057311170613,0,0,1,55
2,0,0,83,83,0,0,0,0,1,0,0,0,0,0,1,55
2,0,0,79,79,0,0,0,0,1,0,0,0,0,0,1,55
2,0,0,73,73,0,0,0,0,1,0,0,0,0,0,1,55
2,0,0,87,87,0,0,0,0,1,0,0,0,0,0,1,55
2,0,0,77,77,0,0,0,0,1,0,0,0,0,0,1,55
2,0,0,83,83,0,0,0,0,1,0,0,0,0,0,1,55
2,0,0,85,85,0,0,0,0,1,0,0,0,0,0,1,55
2,0,0,100,100,0,0,0,0,1,0,0,0,0,0,1,55
2,0,0,88,88,0,0,0,0,1,0,0,0,0,0,1,55
2,0,0,81,81,0,0,0,0,1,0,0,0,0,0,1,55
2,0,0,87,87,0,0,0,0,1,0,0,0,0,0,1,55
2,0,0,83,83,0,0,0,0,1,0,0,0,0,0,1,55
2,0,0,94,94,0,0,0,0,1,0,0,0,0,0,1,55
2,0,0,91,91,0,0,0,0,1,0,0,0,0,0,1,55
2,88.5,88.9914635847879,100,88.9914635847879,2,6,0,0.46,1,0,0,0,0,0,1,55
2,0,0,74,74,0,0,0,0,1,0,0,0,0,0,1,55
2,70.5,100,79,79,4,1,0,0.14,1,0,1,2.17841257094008,0,0,1,55
2,0,0,79,79,0,0,0,0,1,0,0,0,0,0,1,55
2,0,0,80,80,0,0,0,0,1,0,0,0,0,0,1,55
2,0,0,78,78,0,0,0,0,1,0,0,0,0,0,1,55
2,0,0,86,86,0,0,0,0,1,0,0,0,0,0,1,55
2,73.5,77.6924752547036,90,77.6924752547036,4,1,0,0.28,1,0,1,4.19247525470358,0,0,1,55
2,0,0,87,87,0,0,0,0,1,0,0,0,0,0,1,55
2,0,0,96,96,0,0,0,0,1,0,0,0,0,0,1,55
2,0,0,84,84,0,0,0,0,1,0,0,0,0,0,1,55
2,0,0,95,95,0,0,0,0,1,0,0,0,0,0,1,55
2,0,0,95,95,0,0,0,0,1,0,0,0,0,0,1,55
2,0,0,93,93,0,0,0,0,1,0,0,0,0,0,1,55
2,0,0,77,77,0,0,0,0,1,0,0,0,0,0,1,55
2,0,0,73,73,0,0,0,0,1,0,0,0,0,0,1,55
2,71.5,100,89,89,2,2,0,0.46,1,0,1,133.175256578145,0,0,1,55
2,0,0,78,78,0,0,0,0,1,0,0,0,0,0,1,55
2,0,0,81,81,0,0,0,0,1,0,0,0,0,0,1,55
2,0,0,73,73,0,0,0,0,1,0,0,0,0,0,1,55
2,0,0,83,83,0,0,0,0,1,0,0,0,0,0,1,55
2,0,0,95,95,0,0,0,0,1,0,0,0,0,0,1,55
2,0,0,90,90,0,0,0,0,1,0,0,0,0,0,1,55
2,0,0,90,90,0,0,0,0,1,0,0,0,0,0,1,55
2,0,0,89,89,0,0,0,0,1,0,0,0,0,0,1,55
2,0,0,86,86,0,0,0,0,1,0,0,0,0,0,1,55
2,0,0,75,75,0,0,0,0,1,0,0,0,0,0,1,55
2,0,0,74,74,0,0,0,0,1,0,0,0,0,0,1,55
2,81.5,88.1708565278855,100,88.1708565278855,4,1,0,0.18,1,0,0,0,0,0,1,55
2,0,0,77,77,0,0,0,0,1,0,0,0,0,0,1,55
2,0,0,74,74,0,0,0,0,1,0,0,0,0,0,1,55
2,0,0,82,82,0,0,0,0,1,0,0,0,0,0,1,55
2,0,0,83,83,0,0,0,0,1,0,0,0,0,0,1,55
2,77.5,88.6228965281874,82,82,2,1,0,0.14,1,0,1,2.87960997262178,0,0,1,55
2,0,0,84,84,0,0,0,0,1,0,0,0,0,0,1,55
2,78.5,79.8077179382252,92,79.8077179382252,4,2,0,0.28,1,0,1,0.410211587276489,0,0,1,55
2,0,0,85,85,0,0,0,0,1,0,0,0,0,0,1,55
2,75.5,100,100,100,2,1,0,0.18,1,0,1,391.746272292477,0,0,1,55
2,0,0,89,89,0,0,0,0,1,0,0,0,0,0,1,55
2,0,0,86,86,0,0,0,0,1,0,0,0,0,0,1,55
2,0,0,82,82,0,0,0,0,1,0,0,0,0,0,1,55
2,0,0,86,86,0,0,0,0,1,0,0,0,0,0,1,55
2,79.5,100,89,89,2,1,0,0.14,1,0,1,65.2488840076491,0,0,1,55
2,0,0,84,84,0,0,0,0,1,0,0,0,0,0,1,55
2,0,0,83,83,0,0,0,0,1,0,0,0,0,0,1,55
2,0,0,77,77,0,0,0,0,1,0,0,0,0,0,1,55
2,0,0,84,84,0,0,0,0,1,0,0,0,0,0,1,55
2,0,0,100,100,0,0,0,0,1,0,0,0,0,0,1,55
2,0,0,90,90,0,0,0,0,1,0,0,0,0,0,1,55
2,0,0,78,78,0,0,0,0,1,0,0,0,0,0,1,55
2,0,0,100,100,0,0,0,0,1,0,0,0,0,0,1,55
2,0,0,85,85,0,0,0,0,1,0,0,0,0,0,1,55
2,0,0,78,78,0,0,0,0,1,0,0,0,0,0,1,55
2,0,0,75,75,0,0,0,0,1,0,0,0,0,0,1,55
2,0,0,91,91,0,0,0,0,1,0,0,0,0,0,1,55
2,0,0,76,76,0,0,0,0,1,0,0,0,0,0,1,55
2,0,0,85,85,0,0,0,0,1,0,0,0,0,0,1,55
2,0,0,84,84,0,0,0,0,1,0,0,0,0,0,1,55
2,0,0,89,89,0,0,0,0,1,0,0,0,0,0,1,55
2,0,0,95,95,0,0,0,0,1,0,0,0,0,0,1,55
2,0,0,88,88,0,0,0,0,1,0,0,0,0,0,1,55
2,0,0,90,90,0,0,0,0,1,0,0,0,0,0,1,55
2,0,0,84,84,0,0,0,0,1,0,0,0,0,0,1,55
2,0,0,87,87,0,0,0,0,1,0,0,0,0,0,1,55
2,0,0,83,83,0,0,0,0,1,0,0,0,0,0,1,55
2,0,0,94,94,0,0,0,0,1,0,0,0,0,0,1,55
2,76,76,89,76,2,1,0,0.32,1,0,1,0,1,0,1,55
2,0,0,95,95,0,0,0,0,1,0,0,0,0,0,1,55
2,0,0,95,95,0,0,0,0,1,0,0,0,0,0,1,55
2,0,0,74,74,0,0,0,0,1,0,0,0,0,0,1,55
2,0,0,76,76,0,0,0,0,1,0,0,0,0,0,1,55
2,0,0,91,91,0,0,0,0,1,0,0,0,0,0,1,55
2,0,0,77,77,0,0,0,0,1,0,0,0,0,0,1,55
2,0,0,92,92,0,0,0,0,1,0,0,0,0,0,1,55
2,0,0,77,77,0,0,0,0,1,0,0,0,0,0,1,55
2,0,0,100,100,0,0,0,0,1,0,0,0,0,0,1,55
2,0,0,91,91,0,0,0,0,1,0,0,0,0,0,1,55
2,0,0,74,74,0,0,0,0,1,0,0,0,0,0,1,55
2,0,0,80,80,0,0,0,0,1,0,0,0,0,0,1,55
2,0,0,73,73,0,0,0,0,1,0,0,0,0,0,1,55
2,0,0,92,92,0,0,0,0,1,0,0,0,0,0,1,55
2,0,0,76,76,0,0,0,0,1,0,0,0,0,0,1,55
2,0,0,81,81,0,0,0,0,1,0,0,0,0,0,1,55
2,0,0,88,88,0,0,0,0,1,0,0,0,0,0,1,55
2,0,0,87,87,0,0,0,0,1,0,0,0,0,0,1,55
2,0,0,83,83,0,0,0,0,1,0,0,0,0,0,1,55
2,0,0,86,86,0,0,0,0,1,0,0,0,0,0,1,55
2,0,0,86,86,0,0,0,0,1,0,0,0,0,0,1,55
2,0,0,83,83,0,0,0,0,1,0,0,0,0,0,1,55
2,0,0,90,90,0,0,0,0,1,0,0,0,0,0,1,55
2,0,0,77,77,0,0,0,0,1,0,0,0,0,0,1,55
2,0,0,77,77,0,0,0,0,1,0,0,0,0,0,1,55
2,0,0,75,75,0,0,0,0,1,0,0,0,0,0,1,55
2,0,0,84,84,0,0,0,0,1,0,0,0,0,0,1,55
2,0,0,95,95,0,0,0,0,1,0,0,0,0,0,1,55
2,79.5,0,82,82,2,1,0,0,1,1,1,0,0,0,1,55
2,85.5,100,90,90,2,1,0,0.18,1,0,0,0,0,0,1,55
2,0,0,83,83,0,0,0,0,1,0,0,0,0,0,1,55
2,0,0,84,84,0,0,0,0,1,0,0,0,0,0,1,55
2,0,0,84,84,0,0,0,0,1,0,0,0,0,0,1,55
2,0,0,100,100,0,0,0,0,1,0,0,0,0,0,1,55
2,0,0,86,86,0,0,0,0,1,0,0,0,0,0,1,55
2,0,0,85,85,0,0,0,0,1,0,0,0,0,0,1,55
1,0,0,97,97,0,0,0,0,1,0,0,0,0,0,1,48
1,0,0,100,100,0,0,0,0,1,0,0,0,0,0,1,48
1,0,0,98,98,0,0,0,0,1,0,0,0,0,0,1,48
1,0,0,100,100,0,0,0,0,1,0,0,0,0,0,1,48
1,0,0,97,97,0,0,0,0,1,0,0,0,0,0,1,48
1,0,0,100,100,0,0,0,0,1,0,0,0,0,0,1,48
1,0,0,80,80,0,0,0,0,1,0,0,0,0,0,1,48
1,0,0,94,94,0,0,0,0,1,0,0,0,0,0,1,48
1,0,0,81,81,0,0,0,0,1,0,0,0,0,0,1,48
1,0,0,100,100,0,0,0,0,1,0,0,0,0,0,1,48
1,0,0,100,100,0,0,0,0,1,0,0,0,0,0,1,48
1,0,0,66,66,0,0,0,0,1,0,0,0,0,0,1,48
1,0,0,100,100,0,0,0,0,1,0,0,0,0,0,1,48
1,0,0,83,83,0,0,0,0,1,0,0,0,0,0,1,48
1,0,0,100,100,0,0,0,0,1,0,0,0,0,0,1,48
1,84.5,84.6942327275511,87,84.6942327275511,4,6,0,0,1,0,0,0,0,0,1,48
1,0,0,91,91,0,0,0,0,1,0,0,0,0,0,1,48
1,0,0,91,91,0,0,0,0,1,0,0,0,0,0,1,48
1,0,0,97,97,0,0,0,0,1,0,0,0,0,0,1,48
1,0,0,99,99,0,0,0,0,1,0,0,0,0,0,1,48
1,0,0,95,95,0,0,0,0,1,0,0,0,0,0,1,48
1,0,0,71,71,0,0,0,0,1,0,0,0,0,0,1,48
1,0,0,89,89,0,0,0,0,1,0,0,0,0,0,1,48
1,0,0,76,76,0,0,0,0,1,0,0,0,0,0,1,48
1,0,0,86,86,0,0,0,0,1,0,0,0,0,0,1,48
1,0,0,91,91,0,0,0,0,1,0,0,0,0,0,1,48
1,0,0,100,100,0,0,0,0,1,0,0,0,0,0,1,48
1,0,0,89,89,0,0,0,0,1,0,0,0,0,0,1,48
1,79.5,97.3234157735625,95,95,2,2,0,0.14,1,0,1,17.8234157735625,0,0,1,48
1,0,0,66,66,0,0,0,0,1,0,0,0,0,0,1,48
1,0,0,100,100,0,0,0,0,1,0,0,0,0,0,1,48
1,0,0,100,100,0,0,0,0,1,0,0,0,0,0,1,48
1,91.5,94.2563099046177,100,94.2563099046177,2,5,0,0.18,1,0,0,0,0,0,1,48
1,0,0,100,100,0,0,0,0,1,0,0,0,0,0,1,48
1,0,0,71,71,0,0,0,0,1,0,0,0,0,0,1,48
1,0,0,87,87,0,0,0,0,1,0,0,0,0,0,1,48
1,0,0,76,76,0,0,0,0,1,0,0,0,0,0,1,48
1,0,0,87,87,0,0,0,0,1,0,0,0,0,0,1,48
1,74.5,100,98,98,2,1,0,0,1,0,1,50.183999102646,0,0,1,48
1,0,0,78,78,0,0,0,0,1,0,0,0,0,0,1,48
1,0,0,96,96,0,0,0,0,1,0,0,0,0,0,1,48
1,0,0,78,78,0,0,0,0,1,0,0,0,0,0,1,48
1,0,0,79,79,0,0,0,0,1,0,0,0,0,0,1,48
1,0,0,89,89,0,0,0,0,1,0,0,0,0,0,1,48
1,0,0,89,89,0,0,0,0,1,0,0,0,0,0,1,48
1,82.5,82.970533153135,100,82.970533153135,4,3,0,0.18,1,0,0,0,0,0,1,48
1,86.5,87.8089427233033,87,87,3,3,0,0.14,1,0,0,0,0,0,1,48
1,0,0,85,85,0,0,0,0,1,0,0,0,0,0,1,48
1,0,0,89,89,0,0,0,0,1,0,0,0,0,0,1,55
1,0,0,80,80,0,0,0,0,1,0,0,0,0,0,1,55
1,0,0,86,86,0,0,0,0,1,0,0,0,0,0,1,55
1,0,0,81,81,0,0,0,0,1,0,0,0,0,0,1,55
1,0,0,80,80,0,0,0,0,1,0,0,0,0,0,1,55
1,0,0,87,87,0,0,0,0,1,0,0,0,0,0,1,55
1,0,0,83,83,0,0,0,0,1,0,0,0,0,0,1,55
1,0,0,81,81,0,0,0,0,1,0,0,0,0,0,1,55
1,0,0,100,100,0,0,0,0,1,0,0,0,0,0,1,55
1,0,0,83,83,0,0,0,0,1,0,0,0,0,0,1,55
1,0,0,82,82,0,0,0,0,1,0,0,0,0,0,1,55
1,0,0,81,81,0,0,0,0,1,0,0,0,0,0,1,55
1,0,0,85,85,0,0,0,0,1,0,0,0,0,0,1,55
1,0,0,88,88,0,0,0,0,1,0,0,0,0,0,1,55
1,0,0,86,86,0,0,0,0,1,0,0,0,0,0,1,55
1,0,0,83,83,0,0,0,0,1,0,0,0,0,0,1,55
1,0,0,89,89,0,0,0,0,1,0,0,0,0,0,1,55
1,0,0,80,80,0,0,0,0,1,0,0,0,0,0,1,55
1,0,0,89,89,0,0,0,0,1,0,0,0,0,0,1,55
1,0,0,85,85,0,0,0,0,1,0,0,0,0,0,1,55
1,0,0,81,81,0,0,0,0,1,0,0,0,0,0,1,55
1,0,0,80,80,0,0,0,0,1,0,0,0,0,0,1,55
1,0,0,84,84,0,0,0,0,1,0,0,0,0,0,1,55
1,0,0,90,90,0,0,0,0,1,0,0,0,0,0,1,55
1,0,0,87,87,0,0,0,0,1,0,0,0,0,0,1,55
1,80.5,100,88,88,1,1,0,0.28,1,0,1,100,0,0,1,55
1,0,0,81,81,0,0,0,0,1,0,0,0,0,0,1,55
1,0,0,83,83,0,0,0,0,1,0,0,0,0,0,1,55
1,0,0,89,89,0,0,0,0,1,0,0,0,0,0,1,55
1,0,0,81,81,0,0,0,0,1,0,0,0,0,0,1,55
1,0,0,80,80,0,0,0,0,1,0,0,0,0,0,1,55
1,0,0,85,85,0,0,0,0,1,0,0,0,0,0,1,55
1,0,0,83,83,0,0,0,0,1,0,0,0,0,0,1,55
1,0,0,94,94,0,0,0,0,1,0,0,0,0,0,1,55
1,0,0,81,81,0,0,0,0,1,0,0,0,0,0,1,55
1,0,0,87,87,0,0,0,0,1,0,0,0,0,0,1,55
1,80.5,81.7224382753342,84,81.7224382753342,2,4,0,0.14,1,0,1,0.379436341971038,0,0,1,55
1,0,0,94,94,0,0,0,0,1,0,0,0,0,0,1,55
1,0,0,83,83,0,0,0,0,1,0,0,0,0,0,1,55
1,0,0,85,85,0,0,0,0,1,0,0,0,0,0,1,55
1,0,0,90,90,0,0,0,0,1,0,0,0,0,0,1,55
1,0,0,80,80,0,0,0,0,1,0,0,0,0,0,1,55
1,0,0,85,85,0,0,0,0,1,0,0,0,0,0,1,55
1,0,0,98,98,0,0,0,0,1,0,0,0,0,0,1,55
1,0,0,91,91,0,0,0,0,1,0,0,0,0,0,1,55
1,0,0,86,86,0,0,0,0,1,0,0,0,0,0,1,55
1,0,0,87,87,0,0,0,0,1,0,0,0,0,0,1,55
1,0,0,88,88,0,0,0,0,1,0,0,0,0,0,1,55
1,0,0,82,82,0,0,0,0,1,0,0,0,0,0,1,55
1,0,0,81,81,0,0,0,0,1,0,0,0,0,0,1,55
1,0,0,86,86,0,0,0,0,1,0,0,0,0,0,1,55
1,0,0,91,91,0,0,0,0,1,0,0,0,0,0,1,55
1,0,0,82,82,0,0,0,0,1,0,0,0,0,0,1,55
1,79.5,82.8083266339271,85,82.8083266339271,2,1,0,0.14,1,0,1,0.628869661181676,0,0,1,55
1,0,0,85,85,0,0,0,0,1,0,0,0,0,0,1,55
1,79.5,84.238257568928,93,84.238257568928,2,1,0,0.32,1,0,1,4.73825756892804,0,0,1,55
1,0,0,83,83,0,0,0,0,1,0,0,0,0,0,1,55
1,0,0,91,91,0,0,0,0,1,0,0,0,0,0,1,55
1,0,0,93,93,0,0,0,0,1,0,0,0,0,0,1,55
1,82.5,82.7921293421103,89,82.7921293421103,4,6,0,0.14,1,0,0,0,0,0,1,55
1,0,0,81,81,0,0,0,0,1,0,0,0,0,0,1,55
1,0,0,91,91,0,0,0,0,1,0,0,0,0,0,1,55
1,0,0,82,82,0,0,0,0,1,0,0,0,0,0,1,55
1,0,0,83,83,0,0,0,0,1,0,0,0,0,0,1,55
1,0,0,87,87,0,0,0,0,1,0,0,0,0,0,1,55
1,0,0,81,81,0,0,0,0,1,0,0,0,0,0,1,55
1,0,0,82,82,0,0,0,0,1,0,0,0,0,0,1,55
1,0,0,89,89,0,0,0,0,1,0,0,0,0,0,1,55
1,0,0,86,86,0,0,0,0,1,0,0,0,0,0,1,55
2,0,0,100,100,0,0,0,0,1,0,0,0,0,0,1,38
2,0,0,80,80,0,0,0,0,1,0,0,0,0,0,1,38
2,0,0,94,94,0,0,0,0,1,0,0,0,0,0,1,38
2,0,0,95,95,0,0,0,0,1,0,0,0,0,0,1,38
2,0,0,87,87,0,0,0,0,1,0,0,0,0,0,1,38
2,0,0,95,95,0,0,0,0,1,0,0,0,0,0,1,38
2,0,0,73,73,0,0,0,0,1,0,0,0,0,0,1,38
2,0,0,92,92,0,0,0,0,1,0,0,0,0,0,1,38
2,0,0,81,81,0,0,0,0,1,0,0,0,0,0,1,38
2,0,0,100,100,0,0,0,0,1,0,0,0,0,0,1,38
2,0,0,84,84,0,0,0,0,1,0,0,0,0,0,1,38
2,0,0,96,96,0,0,0,0,1,0,0,0,0,0,1,38
2,0,0,100,100,0,0,0,0,1,0,0,0,0,0,1,38
2,0,0,91,91,0,0,0,0,1,0,0,0,0,0,1,38
2,0,0,80,80,0,0,0,0,1,0,0,0,0,0,1,38
2,0,0,96,96,0,0,0,0,1,0,0,0,0,0,1,38
2,83.5,100,90,90,2,2,0,0.46,1,0,0,0,0,0,1,38
2,67.5,100,89,89,1,4,0,0.14,1,0,1,100,0,0,1,38
2,0,0,61,61,0,0,0,0,1,0,0,0,0,0,1,38
2,91.5,91.522087740689,100,91.522087740689,4,6,0,0,1,0,0,0,0,0,1,38
2,0,0,91,91,0,0,0,0,1,0,0,0,0,0,1,38
2,0,0,95,95,0,0,0,0,1,0,0,0,0,0,1,38
2,0,0,85,85,0,0,0,0,1,0,0,0,0,0,1,38
2,0,0,100,100,0,0,0,0,1,0,0,0,0,0,1,38
2,0,0,100,100,0,0,0,0,1,0,0,0,0,0,1,38
2,0,0,100,100,0,0,0,0,1,0,0,0,0,0,1,38
2,0,0,82,82,0,0,0,0,1,0,0,0,0,0,1,38
2,0,0,100,100,0,0,0,0,1,0,0,0,0,0,1,38
2,0,0,100,100,0,0,0,0,1,0,0,0,0,0,1,38
2,0,0,100,100,0,0,0,0,1,0,0,0,0,0,1,38
2,0,0,62,62,0,0,0,0,1,0,0,0,0,0,1,38
2,0,0,100,100,0,0,0,0,1,0,0,0,0,0,1,38
2,0,0,83,83,0,0,0,0,1,0,0,0,0,0,1,38
2,0,0,100,100,0,0,0,0,1,0,0,0,0,0,1,38
2,0,0,94,94,0,0,0,0,1,0,0,0,0,0,1,38
2,0,0,100,100,0,0,0,0,1,0,0,0,0,0,1,38
2,0,0,100,100,0,0,0,0,1,0,0,0,0,0,1,38
2,0,0,100,100,0,0,0,0,1,0,0,0,0,0,1,38
2,0,0,100,100,0,0,0,0,1,0,0,0,0,0,1,38
2,0,0,97,97,0,0,0,0,1,0,0,0,0,0,1,38
2,0,0,60,60,0,0,0,0,1,0,0,0,0,0,1,38
2,0,0,85,85,0,0,0,0,1,0,0,0,0,0,1,45
2,0,0,80,80,0,0,0,0,1,0,0,0,0,0,1,45
2,0,0,71,71,0,0,0,0,1,0,0,0,0,0,1,45
2,0,0,84,84,0,0,0,0,1,0,0,0,0,0,1,45
2,0,0,83,83,0,0,0,0,1,0,0,0,0,0,1,45
2,71.5,71.5623795049204,81,71.5623795049204,1,6,0,0.28,1,0,0,0,0,0,1,45
2,85.5,100,87,87,2,5,0,0.18,1,0,0,0,0,0,1,45
2,0,0,93,93,0,0,0,0,1,0,0,0,0,0,1,45
2,0,0,82,82,0,0,0,0,1,0,0,0,0,0,1,45
2,0,0,69,69,0,0,0,0,1,0,0,0,0,0,1,45
2,0,0,88,88,0,0,0,0,1,0,0,0,0,0,1,45
2,74.5,75.7889795773677,76,75.7889795773677,4,5,0,0.18,1,0,1,1.28897957736767,0,0,1,45
2,0,0,70,70,0,0,0,0,1,0,0,0,0,0,1,45
2,0,0,85,85,0,0,0,0,1,0,0,0,0,0,1,45
2,0,0,77,77,0,0,0,0,1,0,0,0,0,0,1,45
2,0,0,70,70,0,0,0,0,1,0,0,0,0,0,1,45
2,0,0,80,80,0,0,0,0,1,0,0,0,0,0,1,45
2,0,0,85,85,0,0,0,0,1,0,0,0,0,0,1,45
2,0,0,82,82,0,0,0,0,1,0,0,0,0,0,1,45
2,0,0,80,80,0,0,0,0,1,0,0,0,0,0,1,45
2,0,0,95,95,0,0,0,0,1,0,0,0,0,0,1,45
2,0,0,93,93,0,0,0,0,1,0,0,0,0,0,1,45
2,0,0,72,72,0,0,0,0,1,0,0,0,0,0,1,45
2,0,0,75,75,0,0,0,0,1,0,0,0,0,0,1,45
2,0,0,89,89,0,0,0,0,1,0,0,0,0,0,1,45
2,0,0,88,88,0,0,0,0,1,0,0,0,0,0,1,45
2,0,0,91,91,0,0,0,0,1,0,0,0,0,0,1,45
2,0,0,80,80,0,0,0,0,1,0,0,0,0,0,1,45
2,0,0,90,90,0,0,0,0,1,0,0,0,0,0,1,45
2,66.5,86.1470670715296,82,82,2,1,0,0.14,1,0,1,5.95120725447222,0,0,1,45
2,0,0,99,99,0,0,0,0,1,0,0,0,0,0,1,45
2,0,0,89,89,0,0,0,0,1,0,0,0,0,0,1,45
2,0,0,73,73,0,0,0,0,1,0,0,0,0,0,1,45
2,0,0,69,69,0,0,0,0,1,0,0,0,0,0,1,45
2,0,0,82,82,0,0,0,0,1,0,0,0,0,0,1,45
2,0,0,89,89,0,0,0,0,1,0,0,0,0,0,1,45
2,0,0,89,89,0,0,0,0,1,0,0,0,0,0,1,45
2,0,0,96,96,0,0,0,0,1,0,0,0,0,0,1,45
2,0,0,80,80,0,0,0,0,1,0,0,0,0,0,1,45
2,0,0,99,99,0,0,0,0,1,0,0,0,0,0,1,45
2,91.5,98.2230690477294,99,98.2230690477294,2,2,0,0.32,1,0,0,0,0,0,1,45
2,0,0,80,80,0,0,0,0,1,0,0,0,0,0,1,45
2,0,0,79,79,0,0,0,0,1,0,0,0,0,0,1,45
2,0,0,96,96,0,0,0,0,1,0,0,0,0,0,1,45
2,0,0,96,96,0,0,0,0,1,0,0,0,0,0,1,45
2,0,0,75,75,0,0,0,0,1,0,0,0,0,0,1,45
2,0,0,68,68,0,0,0,0,1,0,0,0,0,0,1,45
2,0,0,96,96,0,0,0,0,1,0,0,0,0,0,1,45
2,0,0,87,87,0,0,0,0,1,0,0,0,0,0,1,45
2,0,0,89,89,0,0,0,0,1,0,0,0,0,0,1,45
2,0,0,80,80,0,0,0,0,1,0,0,0,0,0,1,45
2,0,0,94,94,0,0,0,0,1,0,0,0,0,0,1,45
1,0,0,67,67,0,0,0,0,1,0,0,0,0,0,1,34
1,0,0,85,85,0,0,0,0,1,0,0,0,0,0,1,34
1,0,0,65,65,0,0,0,0,1,0,0,0,0,0,1,34
1,0,0,98,98,0,0,0,0,1,0,0,0,0,0,1,34
1,0,0,76,76,0,0,0,0,1,0,0,0,0,0,1,34
1,0,0,86,86,0,0,0,0,1,0,0,0,0,0,1,34
1,0,0,84,84,0,0,0,0,1,0,0,0,0,0,1,34
1,0,0,89,89,0,0,0,0,1,0,0,0,0,0,1,34
1,0,0,99,99,0,0,0,0,1,0,0,0,0,0,1,34
1,0,0,74,74,0,0,0,0,1,0,0,0,0,0,1,34
1,0,0,91,91,0,0,0,0,1,0,0,0,0,0,1,34
1,0,0,93,93,0,0,0,0,1,0,0,0,0,0,1,34
1,0,0,100,100,0,0,0,0,1,0,0,0,0,0,1,34
1,0,0,100,100,0,0,0,0,1,0,0,0,0,0,1,34
1,0,0,72,72,0,0,0,0,1,0,0,0,0,0,1,34
1,0,0,98,98,0,0,0,0,1,0,0,0,0,0,1,34
1,0,0,98,98,0,0,0,0,1,0,0,0,0,0,1,34
1,0,0,92,92,0,0,0,0,1,0,0,0,0,0,1,34
1,0,0,82,82,0,0,0,0,1,0,0,0,0,0,1,34
1,0,0,77,77,0,0,0,0,1,0,0,0,0,0,1,34
1,70.5,70.717425216648,92,70.717425216648,2,4,0,0.32,1,0,0,0,0,0,1,34
1,0,0,92,92,0,0,0,0,1,0,0,0,0,0,1,34
1,0,0,99,99,0,0,0,0,1,0,0,0,0,0,1,34
1,0,0,88,88,0,0,0,0,1,0,0,0,0,0,1,34
1,0,0,64,64,0,0,0,0,1,0,0,0,0,0,1,34
1,0,0,98,98,0,0,0,0,1,0,0,0,0,0,1,34
1,0,0,65,65,0,0,0,0,1,0,0,0,0,0,1,34
1,0,0,97,97,0,0,0,0,1,0,0,0,0,0,1,34
1,0,0,93,93,0,0,0,0,1,0,0,0,0,0,1,34
1,0,0,62,62,0,0,0,0,1,0,0,0,0,0,1,34
1,0,0,92,92,0,0,0,0,1,0,0,0,0,0,1,34
1,0,0,88,88,0,0,0,0,1,0,0,0,0,0,1,34
1,0,0,100,100,0,0,0,0,1,0,0,0,0,0,1,34
1,0,0,98,98,0,0,0,0,1,0,0,0,0,0,1,34
1,0,0,69,69,0,0,0,0,1,0,0,0,0,0,1,34
1,0,0,66,66,0,0,0,0,1,0,0,0,0,0,0,22
1,0,0,73,73,0,0,0,0,1,0,0,0,0,0,0,22
1,0,0,85,85,0,0,0,0,1,0,0,0,0,0,0,22
1,0,0,60,60,0,0,0,0,1,0,0,0,0,0,0,22
1,0,0,82,82,0,0,0,0,1,0,0,0,0,0,0,22
1,0,0,77,77,0,0,0,0,1,0,0,0,0,0,0,22
1,0,0,92,92,0,0,0,0,1,0,0,0,0,0,0,22
1,0,0,57,57,0,0,0,0,1,0,0,0,0,0,0,22
1,0,0,61,61,0,0,0,0,1,0,0,0,0,0,0,22
1,0,0,97,97,0,0,0,0,1,0,0,0,0,0,0,22
1,0,0,77,77,0,0,0,0,1,0,0,0,0,0,0,22
1,0,0,84,84,0,0,0,0,1,0,0,0,0,0,0,22
1,0,0,75,75,0,0,0,0,1,0,0,0,0,0,0,22
1,0,0,88,88,0,0,0,0,1,0,0,0,0,0,0,22
1,0,0,97,97,0,0,0,0,1,0,0,0,0,0,0,22
1,0,0,77,77,0,0,0,0,1,0,0,0,0,0,0,22
1,0,0,57,57,0,0,0,0,1,0,0,0,0,0,0,22
1,0,0,58,58,0,0,0,0,1,0,0,0,0,0,0,22
1,0,0,57,57,0,0,0,0,1,0,0,0,0,0,0,22
1,0,0,95,95,0,0,0,0,1,0,0,0,0,0,0,22
1,0,0,91,91,0,0,0,0,1,0,0,0,0,0,0,22
1,0,0,80,80,0,0,0,0,1,0,0,0,0,0,0,22
1,0,0,71,71,0,0,0,0,1,0,0,0,0,0,0,22
1,57.5,100,74,74,3,2,0,0.14,1,0,1,100,0,0,0,22
1,0,0,67,67,0,0,0,0,1,0,0,0,0,0,0,22
1,0,0,84,84,0,0,0,0,1,0,0,0,0,0,0,22
1,0,0,70,70,0,0,0,0,1,0,0,0,0,0,0,22
1,0,0,78,78,0,0,0,0,1,0,0,0,0,0,0,22
1,0,0,94,94,0,0,0,0,1,0,0,0,0,0,0,22
1,0,0,69,69,0,0,0,0,1,0,0,0,0,0,0,22
1,0,0,91,91,0,0,0,0,1,0,0,0,0,0,0,22
1,0,0,86,86,0,0,0,0,1,0,0,0,0,0,0,22
1,0,0,82,82,0,0,0,0,1,0,0,0,0,0,0,22
1,76.5,76.6931864770059,86,76.6931864770059,4,5,0,0.18,1,0,0,0,0,0,0,22
1,0,0,97,97,0,0,0,0,1,0,0,0,0,0,0,22
1,0,0,79,79,0,0,0,0,1,0,0,0,0,0,0,22
1,0,0,61,61,0,0,0,0,1,0,0,0,0,0,0,22
1,0,0,80,80,0,0,0,0,1,0,0,0,0,0,0,22
1,80.5,81.0739554724832,81,81,4,6,0,0.14,1,0,0,0,0,0,1,40
1,0,0,89,89,0,0,0,0,1,0,0,0,0,0,1,40
1,0,0,85,85,0,0,0,0,1,0,0,0,0,0,1,40
1,0,0,73,73,0,0,0,0,1,0,0,0,0,0,1,40
1,0,0,95,95,0,0,0,0,1,0,0,0,0,0,1,40
1,0,0,73,73,0,0,0,0,1,0,0,0,0,0,1,40
1,91,0,91,91,2,1,0,0,1,1,0,0,0,0,1,40
1,0,0,89,89,0,0,0,0,1,0,0,0,0,0,1,40
1,0,0,94,94,0,0,0,0,1,0,0,0,0,0,1,40
1,0,0,91,91,0,0,0,0,1,0,0,0,0,0,1,40
1,0,0,95,95,0,0,0,0,1,0,0,0,0,0,1,40
1,0,0,75,75,0,0,0,0,1,0,0,0,0,0,1,40
1,0,0,80,80,0,0,0,0,1,0,0,0,0,0,1,40
1,0,0,89,89,0,0,0,0,1,0,0,0,0,0,1,40
1,0,0,100,100,0,0,0,0,1,0,0,0,0,0,1,40
1,66.5,100,92,92,3,1,0,0.18,1,0,1,285.164281755084,0,0,1,40
1,0,0,91,91,0,0,0,0,1,0,0,0,0,0,1,40
1,0,0,84,84,0,0,0,0,1,0,0,0,0,0,1,40
1,0,0,68,68,0,0,0,0,1,0,0,0,0,0,1,40
1,0,0,97,97,0,0,0,0,1,0,0,0,0,0,1,40
1,0,0,91,91,0,0,0,0,1,0,0,0,0,0,1,40
1,0,0,99,99,0,0,0,0,1,0,0,0,0,0,1,40
1,0,0,89,89,0,0,0,0,1,0,0,0,0,0,1,40
1,63.5,69.2087503180318,99,69.2087503180318,2,5,0,0.18,1,0,0,0,0,0,1,40
1,0,0,82,82,0,0,0,0,1,0,0,0,0,0,1,40
1,0,0,86,86,0,0,0,0,1,0,0,0,0,0,1,40
1,0,0,100,100,0,0,0,0,1,0,0,0,0,0,1,40
1,0,0,79,79,0,0,0,0,1,0,0,0,0,0,1,40
1,0,0,80,80,0,0,0,0,1,0,0,0,0,0,1,40
1,0,0,93,93,0,0,0,0,1,0,0,0,0,0,1,40
1,0,0,88,88,0,0,0,0,1,0,0,0,0,0,1,40
1,0,0,77,77,0,0,0,0,1,0,0,0,0,0,1,40
1,0,0,100,100,0,0,0,0,1,0,0,0,0,0,1,40
1,0,0,70,70,0,0,0,0,1,0,0,0,0,0,1,40
1,0,0,92,92,0,0,0,0,1,0,0,0,0,0,1,40
1,0,0,63,63,0,0,0,0,1,0,0,0,0,0,1,40
1,0,0,87,87,0,0,0,0,1,0,0,0,0,0,1,40
1,0,0,81,81,0,0,0,0,1,0,0,0,0,0,1,40
1,0,0,100,100,0,0,0,0,1,0,0,0,0,0,1,40
1,0,0,96,96,0,0,0,0,1,0,0,0,0,0,1,40
1,0,0,77,77,0,0,0,0,1,0,0,0,0,0,1,40
1,0,0,66,66,0,0,0,0,1,0,0,0,0,0,1,40
1,0,0,67,67,0,0,0,0,1,0,0,0,0,0,1,40
1,0,0,87,87,0,0,0,0,1,0,0,0,0,0,1,40
1,0,0,83,83,0,0,0,0,1,0,0,0,0,0,1,40
1,0,0,75,75,0,0,0,0,1,0,0,0,0,0,1,40
1,0,0,91,91,0,0,0,0,1,0,0,0,0,0,1,40
1,71.5,78.6334758388153,77,77,2,1,0,0.18,1,0,1,7.13347583881532,0,0,1,40
1,0,0,84,84,0,0,0,0,1,0,0,0,0,0,1,40
1,0,0,96,96,0,0,0,0,1,0,0,0,0,0,1,40
1,0,0,95,95,0,0,0,0,1,0,0,0,0,0,1,40
1,0,0,81,81,0,0,0,0,1,0,0,0,0,0,1,40
1,0,0,74,74,0,0,0,0,1,0,0,0,0,0,1,40
1,0,0,93,93,0,0,0,0,1,0,0,0,0,0,1,40
1,0,0,100,100,0,0,0,0,1,0,0,0,0,0,1,40
1,0,0,92,92,0,0,0,0,1,0,0,0,0,0,1,40
1,0,0,95,95,0,0,0,0,1,0,0,0,0,0,1,40
1,0,0,67,67,0,0,0,0,1,0,0,0,0,0,1,40
1,0,0,98,98,0,0,0,0,1,0,0,0,0,0,1,40
1,0,0,79,79,0,0,0,0,1,0,0,0,0,0,1,40
2,0,0,91,91,0,0,0,0,1,0,0,0,0,0,1,50
2,0,0,84,84,0,0,0,0,1,0,0,0,0,0,1,50
2,0,0,92,92,0,0,0,0,1,0,0,0,0,0,1,50
2,0,0,79,79,0,0,0,0,1,0,0,0,0,0,1,50
2,0,0,72,72,0,0,0,0,1,0,0,0,0,0,1,50
2,0,0,87,87,0,0,0,0,1,0,0,0,0,0,1,50
2,0,0,75,75,0,0,0,0,1,0,0,0,0,0,1,50
2,0,0,71,71,0,0,0,0,1,0,0,0,0,0,1,50
2,0,0,76,76,0,0,0,0,1,0,0,0,0,0,1,50
2,0,0,76,76,0,0,0,0,1,0,0,0,0,0,1,50
2,77.5,80.7347671674477,83,80.7347671674477,3,4,0,0,1,0,1,0.844510630652672,0,0,1,50
2,0,0,86,86,0,0,0,0,1,0,0,0,0,0,1,50
2,0,0,75,75,0,0,0,0,1,0,0,0,0,0,1,50
2,0,0,78,78,0,0,0,0,1,0,0,0,0,0,1,50
2,0,0,87,87,0,0,0,0,1,0,0,0,0,0,1,50
2,0,0,82,82,0,0,0,0,1,0,0,0,0,0,1,50
2,0,0,79,79,0,0,0,0,1,0,0,0,0,0,1,50
2,0,0,86,86,0,0,0,0,1,0,0,0,0,0,1,50
2,0,0,89,89,0,0,0,0,1,0,0,0,0,0,1,50
2,0,0,77,77,0,0,0,0,1,0,0,0,0,0,1,50
2,0,0,81,81,0,0,0,0,1,0,0,0,0,0,1,50
2,74.5,100,75,75,3,1,0,0.18,1,0,0,0,0,0,1,50
2,0,0,92,92,0,0,0,0,1,0,0,0,0,0,1,50
2,0,0,81,81,0,0,0,0,1,0,0,0,0,0,1,50
2,0,0,80,80,0,0,0,0,1,0,0,0,0,0,1,50
2,0,0,93,93,0,0,0,0,1,0,0,0,0,0,1,50
2,0,0,76,76,0,0,0,0,1,0,0,0,0,0,1,50
2,0,0,72,72,0,0,0,0,1,0,0,0,0,0,1,50
2,0,0,87,87,0,0,0,0,1,0,0,0,0,0,1,50
2,0,0,75,75,0,0,0,0,1,0,0,0,0,0,1,50
2,0,0,89,89,0,0,0,0,1,0,0,0,0,0,1,50
2,0,0,93,93,0,0,0,0,1,0,0,0,0,0,1,50
2,0,0,73,73,0,0,0,0,1,0,0,0,0,0,1,50
2,0,0,80,80,0,0,0,0,1,0,0,0,0,0,1,50
2,0,0,91,91,0,0,0,0,1,0,0,0,0,0,1,50
2,0,0,77,77,0,0,0,0,1,0,0,0,0,0,1,50
2,0,0,90,90,0,0,0,0,1,0,0,0,0,0,1,50
2,0,0,80,80,0,0,0,0,1,0,0,0,0,0,1,50
2,0,0,88,88,0,0,0,0,1,0,0,0,0,0,1,50
2,0,0,84,84,0,0,0,0,1,0,0,0,0,0,1,50
2,0,0,84,84,0,0,0,0,1,0,0,0,0,0,1,50
2,0,0,75,75,0,0,0,0,1,0,0,0,0,0,1,50
2,0,0,93,93,0,0,0,0,1,0,0,0,0,0,1,50
2,0,0,80,80,0,0,0,0,1,0,0,0,0,0,1,50
2,0,0,73,73,0,0,0,0,1,0,0,0,0,0,1,50
2,0,0,80,80,0,0,0,0,1,0,0,0,0,0,1,50
2,0,0,72,72,0,0,0,0,1,0,0,0,0,0,1,50
2,0,0,74,74,0,0,0,0,1,0,0,0,0,0,1,50
2,0,0,79,79,0,0,0,0,1,0,0,0,0,0,1,50
2,0,0,72,72,0,0,0,0,1,0,0,0,0,0,1,50
2,0,0,82,82,0,0,0,0,1,0,0,0,0,0,1,50
1,0,0,82,82,0,0,0,0,1,0,0,0,0,0,1,49
1,0,0,82,82,0,0,0,0,1,0,0,0,0,0,1,49
1,0,0,88,88,0,0,0,0,1,0,0,0,0,0,1,49
1,0,0,86,86,0,0,0,0,1,0,0,0,0,0,1,49
1,0,0,82,82,0,0,0,0,1,0,0,0,0,0,1,49
1,0,0,85,85,0,0,0,0,1,0,0,0,0,0,1,49
1,0,0,82,82,0,0,0,0,1,0,0,0,0,0,1,49
1,0,0,82,82,0,0,0,0,1,0,0,0,0,0,1,49
1,0,0,89,89,0,0,0,0,1,0,0,0,0,0,1,49
1,0,0,87,87,0,0,0,0,1,0,0,0,0,0,1,49
1,0,0,82,82,0,0,0,0,1,0,0,0,0,0,1,49
1,0,0,85,85,0,0,0,0,1,0,0,0,0,0,1,49
1,83.5,83.9180568868337,87,83.9180568868337,4,6,0,0.28,1,0,0,0,0,0,1,49
1,0,0,83,83,0,0,0,0,1,0,0,0,0,0,1,49
1,0,0,82,82,0,0,0,0,1,0,0,0,0,0,1,49
1,0,0,90,90,0,0,0,0,1,0,0,0,0,0,1,49
1,0,0,83,83,0,0,0,0,1,0,0,0,0,0,1,49
1,0,0,82,82,0,0,0,0,1,0,0,0,0,0,1,49
1,0,0,83,83,0,0,0,0,1,0,0,0,0,0,1,49
1,0,0,89,89,0,0,0,0,1,0,0,0,0,0,1,49
1,0,0,87,87,0,0,0,0,1,0,0,0,0,0,1,49
1,86.5,87.1998418941252,87,87,2,6,0,0.14,1,0,0,0,0,0,1,49
1,78.5,89.8278464929726,82,82,2,1,0,0.28,1,0,1,11.3278464929726,0,0,1,49
1,0,0,89,89,0,0,0,0,1,0,0,0,0,0,1,49
1,0,0,87,87,0,0,0,0,1,0,0,0,0,0,1,49
1,0,0,88,88,0,0,0,0,1,0,0,0,0,0,1,49
1,0,0,83,83,0,0,0,0,1,0,0,0,0,0,1,49
1,0,0,87,87,0,0,0,0,1,0,0,0,0,0,1,49
1,0,0,82,82,0,0,0,0,1,0,0,0,0,0,1,49
1,0,0,82,82,0,0,0,0,1,0,0,0,0,0,1,49
1,0,0,82,82,0,0,0,0,1,0,0,0,0,0,1,49
1,0,0,83,83,0,0,0,0,1,0,0,0,0,0,1,49
1,78.5,0,84,84,2,1,0,0,1,1,1,0,0,0,1,49
1,0,0,82,82,0,0,0,0,1,0,0,0,0,0,1,49
1,0,0,83,83,0,0,0,0,1,0,0,0,0,0,1,49
1,0,0,87,87,0,0,0,0,1,0,0,0,0,0,1,49
1,0,0,83,83,0,0,0,0,1,0,0,0,0,0,1,49
1,0,0,87,87,0,0,0,0,1,0,0,0,0,0,1,49
1,0,0,85,85,0,0,0,0,1,0,0,0,0,0,1,49
1,0,0,85,85,0,0,0,0,1,0,0,0,0,0,1,49
1,0,0,82,82,0,0,0,0,1,0,0,0,0,0,1,49
1,0,0,83,83,0,0,0,0,1,0,0,0,0,0,1,49
1,0,0,88,88,0,0,0,0,1,0,0,0,0,0,1,49
1,0,0,82,82,0,0,0,0,1,0,0,0,0,0,1,49
1,0,0,86,86,0,0,0,0,1,0,0,0,0,0,1,49
1,0,0,85,85,0,0,0,0,1,0,0,0,0,0,1,49
1,0,0,83,83,0,0,0,0,1,0,0,0,0,0,1,49
1,0,0,82,82,0,0,0,0,1,0,0,0,0,0,1,49
1,0,0,88,88,0,0,0,0,1,0,0,0,0,0,1,49
1,0,0,84,84,0,0,0,0,1,0,0,0,0,0,1,49
1,0,0,82,82,0,0,0,0,1,0,0,0,0,0,1,49
1,0,0,83,83,0,0,0,0,1,0,0,0,0,0,1,49
1,0,0,82,82,0,0,0,0,1,0,0,0,0,0,1,49
1,0,0,85,85,0,0,0,0,1,0,0,0,0,0,1,49
1,0,0,83,83,0,0,0,0,1,0,0,0,0,0,1,49
1,0,0,88,88,0,0,0,0,1,0,0,0,0,0,1,49
1,0,0,82,82,0,0,0,0,1,0,0,0,0,0,1,49
1,0,0,87,87,0,0,0,0,1,0,0,0,0,0,1,49
1,0,0,85,85,0,0,0,0,1,0,0,0,0,0,1,49
1,79.5,86.5435818279915,82,82,2,1,0,0.14,1,0,1,4.15626832107971,0,0,1,49
1,0,0,85,85,0,0,0,0,1,0,0,0,0,0,1,49
1,0,0,87,87,0,0,0,0,1,0,0,0,0,0,1,49
1,0,0,85,85,0,0,0,0,1,0,0,0,0,0,1,49
1,0,0,84,84,0,0,0,0,1,0,0,0,0,0,1,49
1,0,0,88,88,0,0,0,0,1,0,0,0,0,0,1,49
1,0,0,83,83,0,0,0,0,1,0,0,0,0,0,1,49
1,0,0,87,87,0,0,0,0,1,0,0,0,0,0,1,49
1,0,0,84,84,0,0,0,0,1,0,0,0,0,0,1,49
1,0,0,87,87,0,0,0,0,1,0,0,0,0,0,1,49
1,0,0,82,82,0,0,0,0,1,0,0,0,0,0,1,49
1,0,0,87,87,0,0,0,0,1,0,0,0,0,0,1,49
1,85.5,86.9545477444036,86,86,2,6,0,0,1,0,0,0,0,0,1,49
1,0,0,83,83,0,0,0,0,1,0,0,0,0,0,1,49
1,80.5,96.2533734295178,85,85,4,1,0,0.32,1,0,1,15.7533734295178,0,0,1,49
1,0,0,87,87,0,0,0,0,1,0,0,0,0,0,1,49
1,0,0,84,84,0,0,0,0,1,0,0,0,0,0,1,49
1,83.5,84.2896944009169,87,84.2896944009169,4,4,0,0.28,1,0,0,0,0,0,1,49
1,0,0,82,82,0,0,0,0,1,0,0,0,0,0,1,49
1,0,0,83,83,0,0,0,0,1,0,0,0,0,0,1,49
1,0,0,83,83,0,0,0,0,1,0,0,0,0,0,1,49
1,0,0,82,82,0,0,0,0,1,0,0,0,0,0,1,49
1,0,0,83,83,0,0,0,0,1,0,0,0,0,0,1,49
1,0,0,84,84,0,0,0,0,1,0,0,0,0,0,1,49
1,0,0,81,81,0,0,0,0,1,0,0,0,0,0,1,62
1,0,0,90,90,0,0,0,0,1,0,0,0,0,0,1,62
1,79.5,100,88,88,4,1,0,0.32,1,0,1,37.6555663851706,0,0,1,62
1,85,0,85,85,2,1,0,0,1,1,0,0,0,0,1,62
1,0,0,85,85,0,0,0,0,1,0,0,0,0,0,1,62
1,0,0,84,84,0,0,0,0,1,0,0,0,0,0,1,62
1,79.5,100,90,90,3,3,0,0,1,0,1,100,0,0,1,62
1,0,0,81,81,0,0,0,0,1,0,0,0,0,0,1,62
1,0,0,85,85,0,0,0,0,1,0,0,0,0,0,1,62
1,0,0,81,81,0,0,0,0,1,0,0,0,0,0,1,62
1,0,0,81,81,0,0,0,0,1,0,0,0,0,0,1,62
1,0,0,87,87,0,0,0,0,1,0,0,0,0,0,1,62
1,0,0,81,81,0,0,0,0,1,0,0,0,0,0,1,62
1,0,0,83,83,0,0,0,0,1,0,0,0,0,0,1,62
1,0,0,81,81,0,0,0,0,1,0,0,0,0,0,1,62
1,0,0,81,81,0,0,0,0,1,0,0,0,0,0,1,62
1,0,0,85,85,0,0,0,0,1,0,0,0,0,0,1,62
1,0,0,85,85,0,0,0,0,1,0,0,0,0,0,1,62
1,0,0,81,81,0,0,0,0,1,0,0,0,0,0,1,62
1,0,0,89,89,0,0,0,0,1,0,0,0,0,0,1,62
1,0,0,83,83,0,0,0,0,1,0,0,0,0,0,1,62
1,0,0,85,85,0,0,0,0,1,0,0,0,0,0,1,62
1,87.5,87.7769067542046,88,87.7769067542046,1,6,0,0.18,1,0,0,0,0,0,1,62
1,0,0,81,81,0,0,0,0,1,0,0,0,0,0,1,62
1,0,0,81,81,0,0,0,0,1,0,0,0,0,0,1,62
1,0,0,81,81,0,0,0,0,1,0,0,0,0,0,1,62
1,0,0,83,83,0,0,0,0,1,0,0,0,0,0,1,62
1,0,0,81,81,0,0,0,0,1,0,0,0,0,0,1,62
1,0,0,81,81,0,0,0,0,1,0,0,0,0,0,1,62
1,0,0,81,81,0,0,0,0,1,0,0,0,0,0,1,62
1,0,0,83,83,0,0,0,0,1,0,0,0,0,0,1,62
1,0,0,83,83,0,0,0,0,1,0,0,0,0,0,1,62
1,0,0,81,81,0,0,0,0,1,0,0,0,0,0,1,62
1,0,0,81,81,0,0,0,0,1,0,0,0,0,0,1,62
1,0,0,84,84,0,0,0,0,1,0,0,0,0,0,1,62
1,0,0,83,83,0,0,0,0,1,0,0,0,0,0,1,62
1,0,0,81,81,0,0,0,0,1,0,0,0,0,0,1,62
1,0,0,81,81,0,0,0,0,1,0,0,0,0,0,1,62
1,0,0,82,82,0,0,0,0,1,0,0,0,0,0,1,62
1,0,0,81,81,0,0,0,0,1,0,0,0,0,0,1,62
1,0,0,84,84,0,0,0,0,1,0,0,0,0,0,1,62
1,0,0,81,81,0,0,0,0,1,0,0,0,0,0,1,62
1,0,0,85,85,0,0,0,0,1,0,0,0,0,0,1,62
1,0,0,82,82,0,0,0,0,1,0,0,0,0,0,1,62
1,0,0,83,83,0,0,0,0,1,0,0,0,0,0,1,62
1,0,0,82,82,0,0,0,0,1,0,0,0,0,0,1,62
1,75.5,100,85,85,3,1,0,0.14,1,0,1,50.2599552305836,0,0,1,62
1,0,0,81,81,0,0,0,0,1,0,0,0,0,0,1,62
1,0,0,82,82,0,0,0,0,1,0,0,0,0,0,1,62
1,0,0,87,87,0,0,0,0,1,0,0,0,0,0,1,62
1,0,0,83,83,0,0,0,0,1,0,0,0,0,0,1,62
1,0,0,85,85,0,0,0,0,1,0,0,0,0,0,1,62
1,0,0,82,82,0,0,0,0,1,0,0,0,0,0,1,62
1,0,0,84,84,0,0,0,0,1,0,0,0,0,0,1,62
1,0,0,82,82,0,0,0,0,1,0,0,0,0,0,1,62
1,0,0,92,92,0,0,0,0,1,0,0,0,0,0,1,62
1,0,0,81,81,0,0,0,0,1,0,0,0,0,0,1,62
1,0,0,81,81,0,0,0,0,1,0,0,0,0,0,1,62
1,0,0,83,83,0,0,0,0,1,0,0,0,0,0,1,62
1,0,0,81,81,0,0,0,0,1,0,0,0,0,0,1,62
1,0,0,82,82,0,0,0,0,1,0,0,0,0,0,1,62
1,0,0,82,82,0,0,0,0,1,0,0,0,0,0,1,62
1,0,0,82,82,0,0,0,0,1,0,0,0,0,0,1,62
1,79.5,0,81,81,2,1,0,0,1,1,1,0,0,0,1,62
1,0,0,82,82,0,0,0,0,1,0,0,0,0,0,1,62
1,0,0,83,83,0,0,0,0,1,0,0,0,0,0,1,62
1,0,0,82,82,0,0,0,0,1,0,0,0,0,0,1,62
1,0,0,82,82,0,0,0,0,1,0,0,0,0,0,1,62
1,82,0,82,82,2,1,0,0,1,1,0,0,0,0,1,62
1,0,0,82,82,0,0,0,0,1,0,0,0,0,0,1,62
1,0,0,82,82,0,0,0,0,1,0,0,0,0,0,1,62
1,0,0,82,82,0,0,0,0,1,0,0,0,0,0,1,62
1,0,0,85,85,0,0,0,0,1,0,0,0,0,0,1,62
1,0,0,81,81,0,0,0,0,1,0,0,0,0,0,1,62
1,0,0,84,84,0,0,0,0,1,0,0,0,0,0,1,62
1,0,0,82,82,0,0,0,0,1,0,0,0,0,0,1,62
1,0,0,88,88,0,0,0,0,1,0,0,0,0,0,1,62
1,0,0,81,81,0,0,0,0,1,0,0,0,0,0,1,62
1,0,0,85,85,0,0,0,0,1,0,0,0,0,0,1,62
1,0,0,82,82,0,0,0,0,1,0,0,0,0,0,1,62
1,0,0,75,75,0,0,0,0,1,0,0,0,0,0,1,58
1,0,0,94,94,0,0,0,0,1,0,0,0,0,0,1,58
1,69.5,100,73,73,3,1,0,0.14,1,0,1,158.58232089894,0,0,1,58
1,0,0,83,83,0,0,0,0,1,0,0,0,0,0,1,58
1,85.5,85.5858537695626,92,85.5858537695626,4,2,0,0.18,1,0,0,0,0,0,1,58
1,0,0,100,100,0,0,0,0,1,0,0,0,0,0,1,58
1,95.5,95.8989557716,100,95.8989557716,4,6,0,0.14,1,0,0,0,0,0,1,58
1,0,0,95,95,0,0,0,0,1,0,0,0,0,0,1,58
1,0,0,75,75,0,0,0,0,1,0,0,0,0,0,1,58
1,0,0,99,99,0,0,0,0,1,0,0,0,0,0,1,58
1,0,0,88,88,0,0,0,0,1,0,0,0,0,0,1,58
1,0,0,88,88,0,0,0,0,1,0,0,0,0,0,1,58
1,0,0,98,98,0,0,0,0,1,0,0,0,0,0,1,58
1,90.5,100,92,92,2,4,0,0.28,1,0,0,0,0,0,1,58
1,73.5,87.957439738917,90,87.957439738917,3,1,0,0.28,1,0,1,14.457439738917,0,0,1,58
1,0,0,90,90,0,0,0,0,1,0,0,0,0,0,1,58
1,0,0,73,73,0,0,0,0,1,0,0,0,0,0,1,58
1,0,0,76,76,0,0,0,0,1,0,0,0,0,0,1,58
1,74.5,95.7593944769168,78,78,3,2,0,0.18,1,0,0,0,0,0,1,58
1,0,0,87,87,0,0,0,0,1,0,0,0,0,0,1,58
1,75.5,76.5936865962469,78,76.5936865962469,4,6,0,0,1,0,0,0,0,0,1,58
1,0,0,100,100,0,0,0,0,1,0,0,0,0,0,1,58
1,0,0,71,71,0,0,0,0,1,0,0,0,0,0,1,58
1,0,0,72,72,0,0,0,0,1,0,0,0,0,0,1,58
1,0,0,100,100,0,0,0,0,1,0,0,0,0,0,1,58
1,0,0,84,84,0,0,0,0,1,0,0,0,0,0,1,58
1,0,0,82,82,0,0,0,0,1,0,0,0,0,0,1,58
1,0,0,81,81,0,0,0,0,1,0,0,0,0,0,1,58
1,82.5,82.5687543455301,89,82.5687543455301,4,6,0,0.14,1,0,0,0,0,0,1,58
1,0,0,88,88,0,0,0,0,1,0,0,0,0,0,1,58
1,71.5,72.3789722777596,92,72.3789722777596,1,5,0,0,1,0,1,0.878972277759608,0,0,1,58
1,0,0,72,72,0,0,0,0,1,0,0,0,0,0,1,58
1,0,0,88,88,0,0,0,0,1,0,0,0,0,0,1,58
1,0,0,90,90,0,0,0,0,1,0,0,0,0,0,1,58
1,0,0,86,86,0,0,0,0,1,0,0,0,0,0,1,58
1,93,0,93,93,2,1,0,0,1,1,0,0,0,0,1,58
1,0,0,90,90,0,0,0,0,1,0,0,0,0,0,1,58
1,0,0,75,75,0,0,0,0,1,0,0,0,0,0,1,58
1,0,0,79,79,0,0,0,0,1,0,0,0,0,0,1,58
1,71.5,73.9944588798113,96,73.9944588798113,2,2,0,0.18,1,0,1,0.977916586919024,0,0,1,58
1,0,0,72,72,0,0,0,0,1,0,0,0,0,0,1,58
1,0,0,91,91,0,0,0,0,1,0,0,0,0,0,1,58
1,0,0,78,78,0,0,0,0,1,0,0,0,0,0,1,58
1,0,0,84,84,0,0,0,0,1,0,0,0,0,0,1,58
1,0,0,72,72,0,0,0,0,1,0,0,0,0,0,1,58
1,91,0,91,91,2,1,0,0,1,1,0,0,0,0,1,58
1,0,0,89,89,0,0,0,0,1,0,0,0,0,0,1,58
1,0,0,93,93,0,0,0,0,1,0,0,0,0,0,1,58
1,0,0,88,88,0,0,0,0,1,0,0,0,0,0,1,58
1,0,0,97,97,0,0,0,0,1,0,0,0,0,0,1,58
1,0,0,89,89,0,0,0,0,1,0,0,0,0,0,1,58
1,0,0,94,94,0,0,0,0,1,0,0,0,0,0,1,58
1,0,0,79,79,0,0,0,0,1,0,0,0,0,0,1,58
1,0,0,89,89,0,0,0,0,1,0,0,0,0,0,1,58
1,0,0,93,93,0,0,0,0,1,0,0,0,0,0,1,58
1,0,0,89,89,0,0,0,0,1,0,0,0,0,0,1,58
1,0,0,91,91,0,0,0,0,1,0,0,0,0,0,1,58
1,0,0,79,79,0,0,0,0,1,0,0,0,0,0,1,58
1,91.5,91.5469793124336,100,91.5469793124336,4,6,0,0.14,1,0,0,0,0,0,1,58
1,0,0,75,75,0,0,0,0,1,0,0,0,0,0,1,58
1,0,0,93,93,0,0,0,0,1,0,0,0,0,0,1,58
1,74.5,75.6568299848256,88,75.6568299848256,3,1,0,0.18,1,0,0,0,0,0,1,58
1,0,0,78,78,0,0,0,0,1,0,0,0,0,0,1,58
1,0,0,82,82,0,0,0,0,1,0,0,0,0,0,1,58
1,0,0,89,89,0,0,0,0,1,0,0,0,0,0,1,58
1,0,0,72,72,0,0,0,0,1,0,0,0,0,0,1,58
1,80.5,100,95,95,2,1,0,0.18,1,0,1,42.4746120617296,0,0,1,58
1,0,0,84,84,0,0,0,0,1,0,0,0,0,0,1,58
1,0,0,75,75,0,0,0,0,1,0,0,0,0,0,1,58
1,0,0,80,80,0,0,0,0,1,0,0,0,0,0,1,58
1,0,0,81,81,0,0,0,0,1,0,0,0,0,0,1,58
1,0,0,93,93,0,0,0,0,1,0,0,0,0,0,1,58
1,0,0,83,83,0,0,0,0,1,0,0,0,0,0,1,58
1,0,0,78,78,0,0,0,0,1,0,0,0,0,0,1,58
1,0,0,84,84,0,0,0,0,1,0,0,0,0,0,1,58
1,90.5,92.2518262277257,93,92.2518262277257,2,1,0,0.18,1,0,0,0,0,0,1,58
1,87.5,87.6932638184876,89,87.6932638184876,4,6,0,0.14,1,0,0,0,0,0,1,58
1,78.5,81.6198728850416,84,81.6198728850416,3,2,0,0.32,1,0,1,2.04306263609761,0,0,1,58
1,0,0,90,90,0,0,0,0,1,0,0,0,0,0,1,58
1,96.5,97.404217702944,100,97.404217702944,4,6,0,0.28,1,0,0,0,0,0,1,58
1,0,0,81,81,0,0,0,0,1,0,0,0,0,0,1,58
1,70.5,100,95,95,3,1,0,0.18,1,0,0,0,0,0,1,58
1,0,0,85,85,0,0,0,0,1,0,0,0,0,0,1,58
1,78.5,82.2316636762143,90,82.2316636762143,3,4,0,0.28,1,0,0,0,0,0,1,58
1,0,0,81,81,0,0,0,0,1,0,0,0,0,0,1,58
1,0,0,87,87,0,0,0,0,1,0,0,0,0,0,1,58
1,69.5,93.1655884936396,91,91,4,1,0,0.32,1,0,1,2.85922877201238,0,0,1,58
1,0,0,79,79,0,0,0,0,1,0,0,0,0,0,1,58
1,0,0,73,73,0,0,0,0,1,0,0,0,0,0,1,58
1,0,0,72,72,0,0,0,0,1,0,0,0,0,0,1,58
1,0,0,91,91,0,0,0,0,1,0,0,0,0,0,1,58
1,0,0,90,90,0,0,0,0,1,0,0,0,0,0,1,58
1,0,0,100,100,0,0,0,0,1,0,0,0,0,0,1,58
1,0,0,86,86,0,0,0,0,1,0,0,0,0,0,1,58
1,0,0,74,74,0,0,0,0,1,0,0,0,0,0,1,58
1,0,0,95,95,0,0,0,0,1,0,0,0,0,0,1,56
1,0,0,100,100,0,0,0,0,1,0,0,0,0,0,1,56
1,0,0,73,73,0,0,0,0,1,0,0,0,0,0,1,56
1,80,80,89,80,3,1,0,0.32,1,0,1,0,1,0,1,56
1,0,0,86,86,0,0,0,0,1,0,0,0,0,0,1,56
1,0,0,85,85,0,0,0,0,1,0,0,0,0,0,1,56
1,0,0,88,88,0,0,0,0,1,0,0,0,0,0,1,56
1,0,0,82,82,0,0,0,0,1,0,0,0,0,0,1,56
1,0,0,94,94,0,0,0,0,1,0,0,0,0,0,1,56
1,0,0,89,89,0,0,0,0,1,0,0,0,0,0,1,56
1,80.5,81.6722495407281,90,81.6722495407281,1,6,0,0.28,1,0,0,0,0,0,1,56
1,0,0,88,88,0,0,0,0,1,0,0,0,0,0,1,56
1,0,0,89,89,0,0,0,0,1,0,0,0,0,0,1,56
1,0,0,93,93,0,0,0,0,1,0,0,0,0,0,1,56
1,0,0,78,78,0,0,0,0,1,0,0,0,0,0,1,56
1,92,0,92,92,2,1,0,0,1,1,0,0,0,0,1,56
1,0,0,74,74,0,0,0,0,1,0,0,0,0,0,1,56
1,92.5,93.0937542088356,94,93.0937542088356,3,4,0,0.28,1,0,0,0,0,0,1,56
1,0,0,70,70,0,0,0,0,1,0,0,0,0,0,1,56
1,69.5,72.9303065235163,97,72.9303065235163,4,2,0,0.18,1,0,1,3.43030652351625,0,0,1,56
1,0,0,73,73,0,0,0,0,1,0,0,0,0,0,1,56
1,68.5,70.2543449704714,73,70.2543449704714,3,4,0,0.14,1,0,1,1.04842711075907,0,0,1,56
1,0,0,90,90,0,0,0,0,1,0,0,0,0,0,1,56
1,0,0,83,83,0,0,0,0,1,0,0,0,0,0,1,56
1,0,0,100,100,0,0,0,0,1,0,0,0,0,0,1,56
1,74.5,80.1966322489962,89,80.1966322489962,3,1,0,0.14,1,0,1,3.63994632036183,0,0,1,56
1,79.5,79.8498702266588,97,79.8498702266588,4,5,0,0.18,1,0,0,0,0,0,1,56
1,0,0,91,91,0,0,0,0,1,0,0,0,0,0,1,56
1,0,0,73,73,0,0,0,0,1,0,0,0,0,0,1,56
1,0,0,95,95,0,0,0,0,1,0,0,0,0,0,1,56
1,0,0,88,88,0,0,0,0,1,0,0,0,0,0,1,56
1,0,0,82,82,0,0,0,0,1,0,0,0,0,0,1,56
1,0,0,75,75,0,0,0,0,1,0,0,0,0,0,1,56
1,0,0,87,87,0,0,0,0,1,0,0,0,0,0,1,56
1,0,0,96,96,0,0,0,0,1,0,0,0,0,0,1,56
1,0,0,99,99,0,0,0,0,1,0,0,0,0,0,1,56
1,0,0,76,76,0,0,0,0,1,0,0,0,0,0,1,56
1,63.5,0,71,71,2,1,0,0,1,1,1,0,0,0,1,56
1,0,0,85,85,0,0,0,0,1,0,0,0,0,0,1,56
1,0,0,74,74,0,0,0,0,1,0,0,0,0,0,1,56
1,71.5,72.2533550534569,100,72.2533550534569,1,4,0,0.32,1,0,0,0,0,0,1,56
1,0,0,77,77,0,0,0,0,1,0,0,0,0,0,1,56
1,0,0,73,73,0,0,0,0,1,0,0,0,0,0,1,56
1,0,0,86,86,0,0,0,0,1,0,0,0,0,0,1,56
1,0,0,79,79,0,0,0,0,1,0,0,0,0,0,1,56
1,0,0,71,71,0,0,0,0,1,0,0,0,0,0,1,56
1,0,0,89,89,0,0,0,0,1,0,0,0,0,0,1,56
1,72.5,77.6926526898503,78,77.6926526898503,4,1,0,0.14,1,0,1,3.76739905943038,0,0,1,56
1,80.5,86.8594772893551,88,86.8594772893551,1,1,0,0.14,1,0,1,1.9071480789183,0,0,1,56
1,0,0,87,87,0,0,0,0,1,0,0,0,0,0,1,56
1,80.5,80.8930080963262,89,80.8930080963262,4,5,0,0.14,1,0,1,0.0787629706568165,0,0,1,56
1,0,0,85,85,0,0,0,0,1,0,0,0,0,0,1,56
1,0,0,73,73,0,0,0,0,1,0,0,0,0,0,1,56
1,0,0,87,87,0,0,0,0,1,0,0,0,0,0,1,56
1,72.5,94.911958807757,81,81,2,1,0,0.14,1,0,1,22.411958807757,0,0,1,56
1,0,0,89,89,0,0,0,0,1,0,0,0,0,0,1,56
1,0,0,72,72,0,0,0,0,1,0,0,0,0,0,1,56
1,0,0,80,80,0,0,0,0,1,0,0,0,0,0,1,56
1,0,0,71,71,0,0,0,0,1,0,0,0,0,0,1,56
1,0,0,78,78,0,0,0,0,1,0,0,0,0,0,1,56
1,0,0,96,96,0,0,0,0,1,0,0,0,0,0,1,56
1,0,0,87,87,0,0,0,0,1,0,0,0,0,0,1,56
1,91.5,93.5346305701349,93,93,4,4,0,0.28,1,0,0,0,0,0,1,56
1,0,0,70,70,0,0,0,0,1,0,0,0,0,0,1,56
1,0,0,95,95,0,0,0,0,1,0,0,0,0,0,1,56
1,0,0,77,77,0,0,0,0,1,0,0,0,0,0,1,56
1,0,0,90,90,0,0,0,0,1,0,0,0,0,0,1,56
1,0,0,92,92,0,0,0,0,1,0,0,0,0,0,1,56
1,0,0,70,70,0,0,0,0,1,0,0,0,0,0,1,56
1,0,0,94,94,0,0,0,0,1,0,0,0,0,0,1,56
1,0,0,94,94,0,0,0,0,1,0,0,0,0,0,1,56
1,0,0,86,86,0,0,0,0,1,0,0,0,0,0,1,56
1,0,0,73,73,0,0,0,0,1,0,0,0,0,0,1,56
1,0,0,75,75,0,0,0,0,1,0,0,0,0,0,1,56
1,0,0,86,86,0,0,0,0,1,0,0,0,0,0,1,56
1,70.5,79.817762971747,98,79.817762971747,2,1,0,0,1,0,1,9.31776297174696,0,0,1,56
1,0,0,96,96,0,0,0,0,1,0,0,0,0,0,1,56
1,0,0,78,78,0,0,0,0,1,0,0,0,0,0,1,56
1,0,0,100,100,0,0,0,0,1,0,0,0,0,0,1,56
1,69.5,100,87,87,3,2,0,0.32,1,0,1,100,0,0,1,56
1,0,0,79,79,0,0,0,0,1,0,0,0,0,0,1,56
1,0,0,89,89,0,0,0,0,1,0,0,0,0,0,1,56
1,0,0,80,80,0,0,0,0,1,0,0,0,0,0,1,56
1,0,0,71,71,0,0,0,0,1,0,0,0,0,0,1,56
1,0,0,94,94,0,0,0,0,1,0,0,0,0,0,1,56
1,0,0,87,87,0,0,0,0,1,0,0,0,0,0,1,56
1,0,0,82,82,0,0,0,0,1,0,0,0,0,0,1,56
1,0,0,74,74,0,0,0,0,1,0,0,0,0,0,1,56
1,0,0,78,78,0,0,0,0,1,0,0,0,0,0,1,56
1,0,0,89,89,0,0,0,0,1,0,0,0,0,0,1,56
1,0,0,91,91,0,0,0,0,1,0,0,0,0,0,1,56
1,87.5,87.6564866232566,94,87.6564866232566,1,6,0,0.14,1,0,0,0,0,0,1,56
1,0,0,89,89,0,0,0,0,1,0,0,0,0,0,1,56
1,0,0,71,71,0,0,0,0,1,0,0,0,0,0,1,56
1,74.5,89.4057452395921,76,76,4,1,0,0.28,1,0,1,14.9057452395921,0,0,1,56
1,95.5,99.1796858326264,97,97,2,2,0,0.18,1,0,0,0,0,0,1,56
1,0,0,89,89,0,0,0,0,1,0,0,0,0,0,1,56
1,0,0,81,81,0,0,0,0,1,0,0,0,0,0,1,56
1,0,0,72,72,0,0,0,0,1,0,0,0,0,0,1,56
2,0,0,93,93,0,0,0,0,1,0,0,0,0,0,1,34
2,0,0,91,91,0,0,0,0,1,0,0,0,0,0,1,34
2,0,0,95,95,0,0,0,0,1,0,0,0,0,0,1,34
2,0,0,99,99,0,0,0,0,1,0,0,0,0,0,1,34
2,0,0,98,98,0,0,0,0,1,0,0,0,0,0,1,34
2,0,0,95,95,0,0,0,0,1,0,0,0,0,0,1,34
2,0,0,99,99,0,0,0,0,1,0,0,0,0,0,1,34
2,0,0,100,100,0,0,0,0,1,0,0,0,0,0,1,34
2,0,0,100,100,0,0,0,0,1,0,0,0,0,0,1,34
2,0,0,95,95,0,0,0,0,1,0,0,0,0,0,1,34
2,0,0,78,78,0,0,0,0,1,0,0,0,0,0,1,34
2,0,0,76,76,0,0,0,0,1,0,0,0,0,0,1,34
2,0,0,79,79,0,0,0,0,1,0,0,0,0,0,1,34
2,0,0,86,86,0,0,0,0,1,0,0,0,0,0,1,34
2,0,0,90,90,0,0,0,0,1,0,0,0,0,0,1,34
2,0,0,74,74,0,0,0,0,1,0,0,0,0,0,1,34
2,0,0,95,95,0,0,0,0,1,0,0,0,0,0,1,34
2,0,0,81,81,0,0,0,0,1,0,0,0,0,0,1,34
2,0,0,99,99,0,0,0,0,1,0,0,0,0,0,1,34
2,0,0,98,98,0,0,0,0,1,0,0,0,0,0,1,34
2,0,0,100,100,0,0,0,0,1,0,0,0,0,0,1,34
2,0,0,76,76,0,0,0,0,1,0,0,0,0,0,1,34
2,0,0,92,92,0,0,0,0,1,0,0,0,0,0,1,34
2,0,0,93,93,0,0,0,0,1,0,0,0,0,0,1,34
2,0,0,97,97,0,0,0,0,1,0,0,0,0,0,1,34
2,0,0,100,100,0,0,0,0,1,0,0,0,0,0,1,34
2,0,0,100,100,0,0,0,0,1,0,0,0,0,0,1,34
2,0,0,99,99,0,0,0,0,1,0,0,0,0,0,1,34
2,0,0,100,100,0,0,0,0,1,0,0,0,0,0,1,34
2,0,0,100,100,0,0,0,0,1,0,0,0,0,0,1,34
2,0,0,66,66,0,0,0,0,1,0,0,0,0,0,1,34
2,0,0,90,90,0,0,0,0,1,0,0,0,0,0,1,34
2,0,0,87,87,0,0,0,0,1,0,0,0,0,0,1,34
2,0,0,100,100,0,0,0,0,1,0,0,0,0,0,1,34
2,0,0,95,95,0,0,0,0,1,0,0,0,0,0,1,34
2,0,0,98,98,0,0,0,0,1,0,0,0,0,0,1,34
2,0,0,100,100,0,0,0,0,1,0,0,0,0,0,1,34
2,0,0,91,91,0,0,0,0,1,0,0,0,0,0,1,34
2,0,0,100,100,0,0,0,0,1,0,0,0,0,0,1,34
2,0,0,94,94,0,0,0,0,1,0,0,0,0,0,1,34
2,0,0,100,100,0,0,0,0,1,0,0,0,0,0,1,34
2,0,0,94,94,0,0,0,0,1,0,0,0,0,0,1,34
2,0,0,79,79,0,0,0,0,1,0,0,0,0,0,1,34
2,0,0,91,91,0,0,0,0,1,0,0,0,0,0,1,34
2,0,0,97,97,0,0,0,0,1,0,0,0,0,0,1,34
2,0,0,100,100,0,0,0,0,1,0,0,0,0,0,1,34
2,0,0,94,94,0,0,0,0,1,0,0,0,0,0,1,34
2,0,0,84,84,0,0,0,0,1,0,0,0,0,0,1,34
2,0,0,100,100,0,0,0,0,1,0,0,0,0,0,1,34
2,0,0,90,90,0,0,0,0,1,0,0,0,0,0,1,34
2,0,0,87,87,0,0,0,0,1,0,0,0,0,0,1,34
2,0,0,100,100,0,0,0,0,1,0,0,0,0,0,1,34
2,0,0,90,90,0,0,0,0,1,0,0,0,0,0,1,34
2,0,0,93,93,0,0,0,0,1,0,0,0,0,0,1,34
2,0,0,100,100,0,0,0,0,1,0,0,0,0,0,1,34
2,0,0,69,69,0,0,0,0,1,0,0,0,0,0,1,34
2,0,0,100,100,0,0,0,0,1,0,0,0,0,0,1,34
2,0,0,100,100,0,0,0,0,1,0,0,0,0,0,1,34
2,0,0,85,85,0,0,0,0,1,0,0,0,0,0,1,34
2,0,0,99,99,0,0,0,0,1,0,0,0,0,0,1,34
2,0,0,85,85,0,0,0,0,1,0,0,0,0,0,1,34
2,0,0,98,98,0,0,0,0,1,0,0,0,0,0,1,34
2,0,0,77,77,0,0,0,0,1,0,0,0,0,0,1,34
2,0,0,100,100,0,0,0,0,1,0,0,0,0,0,1,34
2,0,0,99,99,0,0,0,0,1,0,0,0,0,0,1,34
2,0,0,100,100,0,0,0,0,1,0,0,0,0,0,1,34
1,0,0,82,82,0,0,0,0,1,0,0,0,0,0,1,35
1,0,0,100,100,0,0,0,0,1,0,0,0,0,0,1,35
1,0,0,69,69,0,0,0,0,1,0,0,0,0,0,1,35
1,0,0,89,89,0,0,0,0,1,0,0,0,0,0,1,35
1,0,0,76,76,0,0,0,0,1,0,0,0,0,0,1,35
1,0,0,100,100,0,0,0,0,1,0,0,0,0,0,1,35
1,0,0,89,89,0,0,0,0,1,0,0,0,0,0,1,35
1,0,0,100,100,0,0,0,0,1,0,0,0,0,0,1,35
1,0,0,100,100,0,0,0,0,1,0,0,0,0,0,1,35
1,98.5,98.8814331500145,100,98.8814331500145,4,4,0,0.32,1,0,0,0,0,0,1,35
1,0,0,95,95,0,0,0,0,1,0,0,0,0,0,1,35
1,0,0,100,100,0,0,0,0,1,0,0,0,0,0,1,35
1,0,0,71,71,0,0,0,0,1,0,0,0,0,0,1,35
1,0,0,86,86,0,0,0,0,1,0,0,0,0,0,1,35
1,0,0,100,100,0,0,0,0,1,0,0,0,0,0,1,35
1,0,0,100,100,0,0,0,0,1,0,0,0,0,0,1,35
1,0,0,100,100,0,0,0,0,1,0,0,0,0,0,1,35
1,0,0,82,82,0,0,0,0,1,0,0,0,0,0,1,35
1,0,0,100,100,0,0,0,0,1,0,0,0,0,0,1,35
1,0,0,90,90,0,0,0,0,1,0,0,0,0,0,1,35
1,0,0,100,100,0,0,0,0,1,0,0,0,0,0,1,35
1,0,0,86,86,0,0,0,0,1,0,0,0,0,0,1,35
1,63.5,66.6074942908385,100,66.6074942908385,1,2,0,0.28,1,0,1,3.10749429083853,0,0,1,35
1,0,0,79,79,0,0,0,0,1,0,0,0,0,0,1,35
1,0,0,89,89,0,0,0,0,1,0,0,0,0,0,1,35
1,0,0,75,75,0,0,0,0,1,0,0,0,0,0,1,35
1,0,0,95,95,0,0,0,0,1,0,0,0,0,0,1,35
1,0,0,100,100,0,0,0,0,1,0,0,0,0,0,1,35
1,0,0,100,100,0,0,0,0,1,0,0,0,0,0,1,35
1,0,0,98,98,0,0,0,0,1,0,0,0,0,0,1,35
1,0,0,98,98,0,0,0,0,1,0,0,0,0,0,1,35
1,0,0,91,91,0,0,0,0,1,0,0,0,0,0,1,35
1,0,0,76,76,0,0,0,0,1,0,0,0,0,0,1,35
1,0,0,77,77,0,0,0,0,1,0,0,0,0,0,1,35
1,0,0,100,100,0,0,0,0,1,0,0,0,0,0,1,35
1,0,0,100,100,0,0,0,0,1,0,0,0,0,0,1,35
1,0,0,87,87,0,0,0,0,1,0,0,0,0,0,1,35
1,0,0,83,83,0,0,0,0,1,0,0,0,0,0,1,35
1,0,0,100,100,0,0,0,0,1,0,0,0,0,0,1,35
1,97.5,97.9311975041723,100,97.9311975041723,2,6,0,0.14,1,0,0,0,0,0,1,35
1,0,0,91,91,0,0,0,0,1,0,0,0,0,0,1,35
1,0,0,90,90,0,0,0,0,1,0,0,0,0,0,1,35
1,0,0,87,87,0,0,0,0,1,0,0,0,0,0,1,35
1,0,0,100,100,0,0,0,0,1,0,0,0,0,0,1,35
2,0,0,72,72,0,0,0,0,1,0,0,0,0,0,1,46
2,0,0,70,70,0,0,0,0,1,0,0,0,0,0,1,46
2,0,0,68,68,0,0,0,0,1,0,0,0,0,0,1,46
2,0,0,75,75,0,0,0,0,1,0,0,0,0,0,1,46
2,0,0,68,68,0,0,0,0,1,0,0,0,0,0,1,46
2,0,0,70,70,0,0,0,0,1,0,0,0,0,0,1,46
2,64.5,100,69,69,3,1,0,0.28,1,0,1,142.302977050943,0,0,1,46
2,0,0,78,78,0,0,0,0,1,0,0,0,0,0,1,46
2,0,0,72,72,0,0,0,0,1,0,0,0,0,0,1,46
2,69.5,81.2227633920369,74,74,2,1,0,0.14,1,0,1,11.7227633920369,0,0,1,46
2,0,0,72,72,0,0,0,0,1,0,0,0,0,0,1,46
2,0,0,69,69,0,0,0,0,1,0,0,0,0,0,1,46
2,0,0,85,85,0,0,0,0,1,0,0,0,0,0,1,46
2,0,0,76,76,0,0,0,0,1,0,0,0,0,0,1,46
2,0,0,73,73,0,0,0,0,1,0,0,0,0,0,1,46
2,0,0,67,67,0,0,0,0,1,0,0,0,0,0,1,46
2,0,0,69,69,0,0,0,0,1,0,0,0,0,0,1,46
2,0,0,68,68,0,0,0,0,1,0,0,0,0,0,1,46
2,0,0,76,76,0,0,0,0,1,0,0,0,0,0,1,46
2,0,0,67,67,0,0,0,0,1,0,0,0,0,0,1,46
2,0,0,70,70,0,0,0,0,1,0,0,0,0,0,1,46
2,0,0,67,67,0,0,0,0,1,0,0,0,0,0,1,46
2,0,0,69,69,0,0,0,0,1,0,0,0,0,0,1,46
2,0,0,76,76,0,0,0,0,1,0,0,0,0,0,1,46
2,0,0,76,76,0,0,0,0,1,0,0,0,0,0,1,46
2,0,0,72,72,0,0,0,0,1,0,0,0,0,0,1,46
2,0,0,85,85,0,0,0,0,1,0,0,0,0,0,1,46
2,0,0,84,84,0,0,0,0,1,0,0,0,0,0,1,46
2,0,0,73,73,0,0,0,0,1,0,0,0,0,0,1,46
2,0,0,72,72,0,0,0,0,1,0,0,0,0,0,1,46
2,0,0,81,81,0,0,0,0,1,0,0,0,0,0,1,46
2,0,0,72,72,0,0,0,0,1,0,0,0,0,0,1,46
2,0,0,78,78,0,0,0,0,1,0,0,0,0,0,1,46
2,0,0,71,71,0,0,0,0,1,0,0,0,0,0,1,46
2,0,0,69,69,0,0,0,0,1,0,0,0,0,0,1,46
2,0,0,70,70,0,0,0,0,1,0,0,0,0,0,1,46
2,67.5,93.6725067652984,77,77,2,1,0,0.14,1,0,1,26.1725067652984,0,0,1,46
2,0,0,67,67,0,0,0,0,1,0,0,0,0,0,1,46
2,0,0,68,68,0,0,0,0,1,0,0,0,0,0,1,46
2,0,0,67,67,0,0,0,0,1,0,0,0,0,0,1,46
2,0,0,68,68,0,0,0,0,1,0,0,0,0,0,1,46
2,0,0,71,71,0,0,0,0,1,0,0,0,0,0,1,46
2,0,0,71,71,0,0,0,0,1,0,0,0,0,0,1,46
2,0,0,83,83,0,0,0,0,1,0,0,0,0,0,1,46
2,0,0,74,74,0,0,0,0,1,0,0,0,0,0,1,46
2,0,0,71,71,0,0,0,0,1,0,0,0,0,0,1,46
2,0,0,71,71,0,0,0,0,1,0,0,0,0,0,1,46
2,0,0,79,79,0,0,0,0,1,0,0,0,0,0,1,46
2,0,0,69,69,0,0,0,0,1,0,0,0,0,0,1,46
2,0,0,79,79,0,0,0,0,1,0,0,0,0,0,1,46
2,0,0,77,77,0,0,0,0,1,0,0,0,0,0,1,46
2,66.5,83.308271782316,82,82,2,1,0,0.14,1,0,1,16.808271782316,0,0,1,46
2,0,0,68,68,0,0,0,0,1,0,0,0,0,0,1,46
2,0,0,79,79,0,0,0,0,1,0,0,0,0,0,1,46
2,0,0,87,87,0,0,0,0,1,0,0,0,0,0,1,46
2,0,0,69,69,0,0,0,0,1,0,0,0,0,0,1,46
2,0,0,73,73,0,0,0,0,1,0,0,0,0,0,1,46
2,0,0,73,73,0,0,0,0,1,0,0,0,0,0,1,46
2,0,0,76,76,0,0,0,0,1,0,0,0,0,0,1,46
2,0,0,70,70,0,0,0,0,1,0,0,0,0,0,1,46
2,0,0,76,76,0,0,0,0,1,0,0,0,0,0,1,46
2,0,0,71,71,0,0,0,0,1,0,0,0,0,0,1,46
2,63.5,73.5404611282357,87,73.5404611282357,2,2,0,0.28,1,0,1,10.0404611282357,0,0,1,46
2,0,0,72,72,0,0,0,0,1,0,0,0,0,0,1,46
2,0,0,73,73,0,0,0,0,1,0,0,0,0,0,1,46
1,0,0,100,100,0,0,0,0,1,0,0,0,0,0,1,43
1,0,0,93,93,0,0,0,0,1,0,0,0,0,0,1,43
1,77.5,79.7070351232116,100,79.7070351232116,4,5,0,0.18,1,0,0,0,0,0,1,43
1,0,0,83,83,0,0,0,0,1,0,0,0,0,0,1,43
1,0,0,100,100,0,0,0,0,1,0,0,0,0,0,1,43
1,0,0,97,97,0,0,0,0,1,0,0,0,0,0,1,43
1,0,0,92,92,0,0,0,0,1,0,0,0,0,0,1,43
1,0,0,82,82,0,0,0,0,1,0,0,0,0,0,1,43
1,0,0,100,100,0,0,0,0,1,0,0,0,0,0,1,43
1,0,0,90,90,0,0,0,0,1,0,0,0,0,0,1,43
1,0,0,62,62,0,0,0,0,1,0,0,0,0,0,1,43
1,0,0,89,89,0,0,0,0,1,0,0,0,0,0,1,43
1,82.5,82.9644643484589,89,82.9644643484589,4,3,0,0.14,1,0,0,0,0,0,1,43
1,68.5,69.0378661741182,78,69.0378661741182,1,5,0,0.18,1,0,0,0,0,0,1,43
1,0,0,90,90,0,0,0,0,1,0,0,0,0,0,1,43
1,0,0,75,75,0,0,0,0,1,0,0,0,0,0,1,43
1,0,0,85,85,0,0,0,0,1,0,0,0,0,0,1,43
1,0,0,100,100,0,0,0,0,1,0,0,0,0,0,1,43
1,0,0,100,100,0,0,0,0,1,0,0,0,0,0,1,43
1,0,0,98,98,0,0,0,0,1,0,0,0,0,0,1,43
1,0,0,91,91,0,0,0,0,1,0,0,0,0,0,1,43
1,0,0,70,70,0,0,0,0,1,0,0,0,0,0,1,43
1,91.5,91.5266014133392,100,91.5266014133392,1,6,0,0.28,1,0,0,0,0,0,1,43
1,0,0,95,95,0,0,0,0,1,0,0,0,0,0,1,43
1,0,0,94,94,0,0,0,0,1,0,0,0,0,0,1,43
1,0,0,61,61,0,0,0,0,1,0,0,0,0,0,1,43
1,0,0,100,100,0,0,0,0,1,0,0,0,0,0,1,43
1,0,0,95,95,0,0,0,0,1,0,0,0,0,0,1,43
1,0,0,80,80,0,0,0,0,1,0,0,0,0,0,1,43
1,0,0,100,100,0,0,0,0,1,0,0,0,0,0,1,43
1,0,0,100,100,0,0,0,0,1,0,0,0,0,0,1,43
1,0,0,94,94,0,0,0,0,1,0,0,0,0,0,1,43
1,0,0,78,78,0,0,0,0,1,0,0,0,0,0,1,43
1,0,0,100,100,0,0,0,0,1,0,0,0,0,0,1,43
1,0,0,100,100,0,0,0,0,1,0,0,0,0,0,1,43
1,0,0,82,82,0,0,0,0,1,0,0,0,0,0,1,43
1,0,0,65,65,0,0,0,0,1,0,0,0,0,0,1,43
1,0,0,74,74,0,0,0,0,1,0,0,0,0,0,1,43
1,0,0,100,100,0,0,0,0,1,0,0,0,0,0,1,43
1,0,0,92,92,0,0,0,0,1,0,0,0,0,0,1,43
1,0,0,79,79,0,0,0,0,1,0,0,0,0,0,1,43
1,0,0,100,100,0,0,0,0,1,0,0,0,0,0,1,43
1,0,0,100,100,0,0,0,0,1,0,0,0,0,0,1,43
1,87.5,89.3166975342849,90,89.3166975342849,2,2,0,0.32,1,0,0,0,0,0,1,43
1,0,0,100,100,0,0,0,0,1,0,0,0,0,0,1,43
1,0,0,87,87,0,0,0,0,1,0,0,0,0,0,1,43
1,0,0,85,85,0,0,0,0,1,0,0,0,0,0,1,43
1,0,0,68,68,0,0,0,0,1,0,0,0,0,0,1,43
1,0,0,100,100,0,0,0,0,1,0,0,0,0,0,1,43
1,0,0,93,93,0,0,0,0,1,0,0,0,0,0,1,43
1,98.5,98.9190936268864,100,98.9190936268864,2,6,0,0.18,1,0,0,0,0,0,1,43
1,0,0,82,82,0,0,0,0,1,0,0,0,0,0,1,43
1,0,0,94,94,0,0,0,0,1,0,0,0,0,0,1,43
1,0,0,100,100,0,0,0,0,1,0,0,0,0,0,1,43
1,0,0,100,100,0,0,0,0,1,0,0,0,0,0,1,43
1,0,0,81,81,0,0,0,0,1,0,0,0,0,0,1,43
1,0,0,100,100,0,0,0,0,1,0,0,0,0,0,1,43
1,0,0,81,81,0,0,0,0,1,0,0,0,0,0,1,43
1,0,0,98,98,0,0,0,0,1,0,0,0,0,0,1,43
1,0,0,85,85,0,0,0,0,1,0,0,0,0,0,1,43
1,82.5,83.2142712864171,92,83.2142712864171,4,6,0,0.14,1,0,0,0,0,0,1,43
1,0,0,100,100,0,0,0,0,1,0,0,0,0,0,1,43
1,90,0,90,90,2,1,0,0,1,1,0,0,0,0,1,43
1,0,0,88,88,0,0,0,0,1,0,0,0,0,0,1,43
1,0,0,80,80,0,0,0,0,1,0,0,0,0,0,1,45
1,0,0,78,78,0,0,0,0,1,0,0,0,0,0,1,45
1,0,0,84,84,0,0,0,0,1,0,0,0,0,0,1,45
1,0,0,80,80,0,0,0,0,1,0,0,0,0,0,1,45
1,0,0,82,82,0,0,0,0,1,0,0,0,0,0,1,45
1,89.5,90.6747059792499,100,90.6747059792499,2,6,0,0,1,0,0,0,0,0,1,45
1,0,0,97,97,0,0,0,0,1,0,0,0,0,0,1,45
1,0,0,88,88,0,0,0,0,1,0,0,0,0,0,1,45
1,82.5,82.6640670457622,84,82.6640670457622,4,6,0,0.28,1,0,0,0,0,0,1,45
1,0,0,90,90,0,0,0,0,1,0,0,0,0,0,1,45
1,0,0,95,95,0,0,0,0,1,0,0,0,0,0,1,45
1,0,0,85,85,0,0,0,0,1,0,0,0,0,0,1,45
1,0,0,89,89,0,0,0,0,1,0,0,0,0,0,1,45
1,0,0,98,98,0,0,0,0,1,0,0,0,0,0,1,45
1,82.5,85.5526002007419,89,85.5526002007419,2,2,0,0,1,0,0,0,0,0,1,45
1,0,0,95,95,0,0,0,0,1,0,0,0,0,0,1,45
1,87.5,100,90,90,2,2,0,0.18,1,0,0,0,0,0,1,45
1,0,0,90,90,0,0,0,0,1,0,0,0,0,0,1,45
1,0,0,86,86,0,0,0,0,1,0,0,0,0,0,1,45
1,0,0,83,83,0,0,0,0,1,0,0,0,0,0,1,45
1,0,0,85,85,0,0,0,0,1,0,0,0,0,0,1,45
1,0,0,92,92,0,0,0,0,1,0,0,0,0,0,1,45
1,0,0,83,83,0,0,0,0,1,0,0,0,0,0,1,45
1,0,0,77,77,0,0,0,0,1,0,0,0,0,0,1,45
1,0,0,87,87,0,0,0,0,1,0,0,0,0,0,1,45
1,78.5,81.4129692829803,94,81.4129692829803,3,2,0,0.18,1,0,0,0,0,0,1,45
1,0,0,88,88,0,0,0,0,1,0,0,0,0,0,1,45
1,0,0,82,82,0,0,0,0,1,0,0,0,0,0,1,45
1,0,0,90,90,0,0,0,0,1,0,0,0,0,0,1,45
1,0,0,89,89,0,0,0,0,1,0,0,0,0,0,1,45
1,0,0,89,89,0,0,0,0,1,0,0,0,0,0,1,45
1,0,0,91,91,0,0,0,0,1,0,0,0,0,0,1,45
1,0,0,100,100,0,0,0,0,1,0,0,0,0,0,1,45
1,0,0,91,91,0,0,0,0,1,0,0,0,0,0,1,45
1,0,0,87,87,0,0,0,0,1,0,0,0,0,0,1,45
1,0,0,92,92,0,0,0,0,1,0,0,0,0,0,1,45
1,0,0,92,92,0,0,0,0,1,0,0,0,0,0,1,45
1,0,0,93,93,0,0,0,0,1,0,0,0,0,0,1,45
1,0,0,100,100,0,0,0,0,1,0,0,0,0,0,1,45
1,0,0,95,95,0,0,0,0,1,0,0,0,0,0,1,45
1,0,0,99,99,0,0,0,0,1,0,0,0,0,0,1,45
1,0,0,81,81,0,0,0,0,1,0,0,0,0,0,1,45
1,0,0,99,99,0,0,0,0,1,0,0,0,0,0,1,45
1,0,0,82,82,0,0,0,0,1,0,0,0,0,0,1,45
2,0,0,88,88,0,0,0,0,1,0,0,0,0,0,1,45
2,0,0,77,77,0,0,0,0,1,0,0,0,0,0,1,45
2,89,0,89,89,2,1,0,0,1,1,0,0,0,0,1,45
2,0,0,91,91,0,0,0,0,1,0,0,0,0,0,1,45
2,0,0,98,98,0,0,0,0,1,0,0,0,0,0,1,45
2,0,0,66,66,0,0,0,0,1,0,0,0,0,0,1,45
2,0,0,76,76,0,0,0,0,1,0,0,0,0,0,1,45
2,0,0,83,83,0,0,0,0,1,0,0,0,0,0,1,45
2,0,0,82,82,0,0,0,0,1,0,0,0,0,0,1,45
2,62.5,100,91,91,2,1,0,0.18,1,0,1,648.097933302855,0,0,1,45
2,0,0,79,79,0,0,0,0,1,0,0,0,0,0,1,45
2,0,0,73,73,0,0,0,0,1,0,0,0,0,0,1,45
2,0,0,78,78,0,0,0,0,1,0,0,0,0,0,1,45
2,75.5,87.7960813076662,90,87.7960813076662,2,2,0,0.14,1,0,1,12.2960813076662,0,0,1,45
2,0,0,71,71,0,0,0,0,1,0,0,0,0,0,1,45
2,0,0,72,72,0,0,0,0,1,0,0,0,0,0,1,45
2,0,0,85,85,0,0,0,0,1,0,0,0,0,0,1,45
2,0,0,95,95,0,0,0,0,1,0,0,0,0,0,1,45
2,0,0,84,84,0,0,0,0,1,0,0,0,0,0,1,45
2,0,0,81,81,0,0,0,0,1,0,0,0,0,0,1,45
2,0,0,76,76,0,0,0,0,1,0,0,0,0,0,1,45
2,81.5,81.6403648291377,98,81.6403648291377,4,6,0,0.28,1,0,0,0,0,0,1,45
2,0,0,87,87,0,0,0,0,1,0,0,0,0,0,1,45
2,0,0,76,76,0,0,0,0,1,0,0,0,0,0,1,45
2,0,0,66,66,0,0,0,0,1,0,0,0,0,0,1,45
2,0,0,89,89,0,0,0,0,1,0,0,0,0,0,1,45
2,0,0,86,86,0,0,0,0,1,0,0,0,0,0,1,45
2,0,0,84,84,0,0,0,0,1,0,0,0,0,0,1,45
2,0,0,89,89,0,0,0,0,1,0,0,0,0,0,1,45
2,0,0,69,69,0,0,0,0,1,0,0,0,0,0,1,45
2,0,0,96,96,0,0,0,0,1,0,0,0,0,0,1,45
2,0,0,90,90,0,0,0,0,1,0,0,0,0,0,1,45
2,0,0,73,73,0,0,0,0,1,0,0,0,0,0,1,45
