#######################################################################
#                         List of Global Variables                    #
#######################################################################

#######################################################################
#                        LC stage distribution                        #
#######################################################################
#stage 1A 1B 2 3A 3B (4)
probLCStageMaleSM <- c(0.025, 0.029, 0.021, 0.092, 0.166)
probLCStageMaleAD <- c(0.143, 0.105, 0.045, 0.077, 0.151) 
probLCStageMaleSQ <- c(0.119, 0.145, 0.08, 0.133, 0.193) 
probLCStageMaleOTH <- c(0.071, 0.072, 0.036, 0.087, 0.165)
probLCStageFemaleSM <- c(0.037, 0.029, 0.024, 0.111, 0.195)
probLCStageFemaleAD <- c(0.198, 0.112, 0.046, 0.08, 0.141) 
probLCStageFemaleSQ <- c(0.17, 0.149, 0.075, 0.12, 0.178) 
probLCStageFemaleOTH <- c(0.092, 0.071, 0.036, 0.092, 0.161)

#######################################################################
#                        Follow-up probabilities                      #
#######################################################################
###### Procedure Probabilities
###### LDCT

T0_prob = c(0.414814815,0.67037037,0.633333333,0.362962963,0.585185185,0.177777778,0.162962963,0.577777778,0.19216265,0.815215609,0.091326447,0.009345794,0.024266273,0.001967536,0.00623053,0.006722414)
T1_prob = c(0.303571429,0.660714286,0.666666667,0.279761905,0.613095238,0.154761905,0.238095238,0.714285714,0.085514303,0.294430919,0.036214242,0.004108338,0.011412051,0.000912964,0.002434571,0.004260499)
T2_prob = c(0.379146919,0.696682464,0.739336493,0.327014218,0.535545024,0.104265403,0.3507109,0.654028436,0.246646473,0.632193855,0.102553007,0.010385115,0.03202077,0.001298139,0.009519688,0.011250541)
procedure_prob_ct = matrix(c(T0_prob, T1_prob, T2_prob), 3, 16, 1)

###### Chest X-ray

T0_prob = c(0.463235294,0.963235294,0.661764706,0.485294118,0.558823529,0.161764706,0.102941176,0.573529412,0.394117647,0.693627451,0.043627451,0.008333333,0.015196078,0,0.003921569,0.008823529)
T1_prob = c(0.430769231,0.907692308,0.784615385,0.415384615,0.569230769,0.153846154,0.092307692,0.6,0.253774263,0.493170381,0.038820992,0.007189073,0.013659238,0.001437815,0.003594536,0.003594536)
T2_prob = c(0.307692308,0.923076923,0.807692308,0.487179487,0.564102564,0.205128205,0.179487179,0.487179487,0.387940842,0.728100114,0.056882821,0.01592719,0.020477816,0.005688282,0.006825939,0.006825939)
procedure_prob_cxr = matrix(c(T0_prob, T1_prob, T2_prob), 3, 16, 1)

procedureprob = list(procedure_prob_ct, procedure_prob_cxr)

###### Complication Probabilities
#major[1], intermediate[2], minor [3] 

###### LDCT

p1TP = c(0.133237822,0.161891117,0.025787966)
p2TP = c(0.024590164,0.057377049,0.008196721)
p3TP = c(0,0.129032258,0)
p4TP = c(0.065217391,0.043478261,0.02173913)
p1FP = c(0.014326648,0.02722063,0.005730659)
p2FP = c(0.007326007,0.032967033,0)
p3FP = c(0,0.077777778,0.011111111)
p4FP = c(0.000189081,0.000850863,0.00014181)
prob_ct = matrix(c(p1TP, p2TP, p3TP, p4TP, p1FP, p2FP, p3FP, p4FP), ncol=3, nrow=8, byrow=TRUE)

###### Chest X-ray

p1TP = c(0.133237822,0.161891117,0.025787966)
p2TP = c(0.024590164,0.057377049,0.008196721)
p3TP = c(0,0.129032258,0)
p4TP = c(0.065217391,0.043478261,0.02173913)
p1FP = c(0.014326648,0.02722063,0.005730659)
p2FP = c(0.007326007,0.032967033,0)
p3FP = c(0,0.077777778,0.011111111)
p4FP = c(0.000189081,0.000850863,0.00014181)
prob_cxr = matrix(c(p1TP, p2TP, p3TP, p4TP, p1FP, p2FP, p3FP, p4FP), ncol=3, nrow=8, byrow=TRUE)

cmpprob = list(prob_ct, prob_cxr)

###### Death from complication probability

###### LDCT

dth_TP = c(0.012893983, 0.073770492, 0.032258065, 0.02173913)
dth_FP = c(0.00286533, 0.014652015, 0, 0.000378161)
dthprob_ct = matrix(c(dth_TP, dth_FP), ncol = 4, nrow = 2, byrow = TRUE)

###### Chest X-ray

dth_TP = c(0.012893983, 0.073770492, 0.032258065, 0.02173913)
dth_FP = c(0.00286533, 0.014652015, 0, 0.000378161)
dthprob_cxr = matrix(c(dth_TP, dth_FP), ncol = 4, nrow = 2, byrow = TRUE)

cmpdthprob = list(dthprob_ct, dthprob_cxr)

#######################################################################
#                        Treatment Probabilities                      #
#######################################################################

#trt_s1_r0 = c(22, 39, 628, 12, 93, 13)
#2011 NLST supp table 3 - combined ct and cxr
#1) no treatment; 2) chemo only, radiation only, other; 3) surgery only; 4) chemo and radiation; 5) surgery and chemo/radiation; 6) surgery, chemo and radiation
#1A
trt_s1a_r0 = c(16, 31, 508, 5, 41, 9)
trt_s1a_r0 = trt_s1a_r0/sum(trt_s1a_r0)
#1B
trt_s1b_r0 = c(6, 8, 120, 7, 52, 4)
trt_s1b_r0 = trt_s1b_r0/sum(trt_s1b_r0)
#2
trt_s2_r0 = c(3, 5, 36, 25, 61, 15)
trt_s2_r0 = trt_s2_r0/sum(trt_s2_r0)
#3A
trt_s3a_r0 = c(8, 24, 13, 99, 32, 31)
trt_s3a_r0 = trt_s3a_r0/sum(trt_s3a_r0)
#3B
trt_s3b_r0 = c(23, 49, 21, 96, 35, 18)
trt_s3b_r0 = trt_s3b_r0/sum(trt_s3b_r0)
#4
trt_s4_r0 = c(78, 285, 19, 136, 23, 10)
trt_s4_r0 = trt_s4_r0/sum(trt_s4_r0) 
#rows: stage
#columns: treatment
trt_r0 = matrix(c(trt_s1a_r0, trt_s1b_r0, trt_s2_r0, trt_s3a_r0, trt_s1b_r0, trt_s4_r0), 6, 6, 1)

#######################################################################
#              Mean preclinical sojourn time                          #
#######################################################################
b = 1.4411
MPSTMaleSM = c(1.25, 0.44, 0.32, 0.32, 0.25, 0.51) #Mean preclinical sojourn time by histology and stage
MPSTMaleAD <- c(1.82, 0.64, 0.46, 0.46, 0.36, 0.74) 
MPSTMaleSQ <- c(2.16, 0.76, 0.55, 0.55, 0.42, 0.88)
MPSTMaleOTH <- c(1.96, 0.69, 0.5, 0.5, 0.39, 0.8)
MPSTFemaleSM = c(1.36, 0.48, 0.34, 0.35, 0.27, 0.55) #Mean preclinical sojourn time by histology and stage
MPSTFemaleAD <- c(2.44, 0.86, 0.62, 0.62, 0.48, 0.99) 
MPSTFemaleSQ <- c(2.15, 0.76, 0.55, 0.55, 0.42, 0.88)
